30
75
105
132
160
226
285
324
368
440
508
541
583
658
732
806
881
958
1034
1111
1188
1263
1340
1419
1496
1576
1650
1728
1807
1883
1961
2035
2119
2192
2272
2328
2371
2426
2506
2584
2645
2697
2740
2767
2822
2848
2906
2981
3062
3141
3222
3254
3297
3374
3423
3457
3493
3527
3550
3569
3591
3602
3629
3648
3658
3669
3684
3718
3727
3737
3760
3780
3811
3837
3860
3885
3903
3917
3949
3962
3974
3994
4019
4040
4052
4078
4111
4126
4148
4163
4184
4217
4241
4319
4367
4391
4405
4421
4443
4462
4481
4529
4540
4559
4577
4632
4687
4708
4744
4774
4790
4816
4864
4924
4950
4994
5021
5054
5098
5187
5266
5319
5341
5398
5415
5445
5498
5524
5558
5573
5624
5655
5683
5731
5753
5786
5808
5831
5887
5919
5964
5987
6038
6066
6117
6193
6271
6294
6348
6426
6499
6579
6641
6681
6740
6813
6862
6914
6953
6990
7046
7099
7194
7234
7274
7318
7351
7373
7429
7456
7505
7580
7604
7658
7700
7736
7761
7794
7815
7889
7911
7969
8039
8120
8151
8197
8278
8351
8398
8461
8508
8538
8585
8647
8700
8739
8814
8891
8954
9046
9122
9202
9278
9358
9438
9520
9593
9668
9708
9743
9821
9899
9976
10022
10054
10129
10205
10287
10363
10421
10491
10523
10589
10663
10700
10747
10783
10818
10875
10903
10928
10961
10983
11030
11044
11060
11085
11140
11162
11191
11216
11274
11283
11296
11343
11375
11453
11467
11498
11511
11523
11572
11578
11592
11601
11652
11681
11733
11743
11753
11808
11820
11830
11836
11913
11949
11954
11973
11982
12009
12020
12030
12045
12062
12115
12126
12133
12140
12164
12183
12201
12216
12245
12266
12278
12297
12324
12343
12354
12369
12434
12451
12473
12498
12509
12521
12596
12669
12705
12723
12739
12749
12770
12814
12850
12864
12892
12947
12974
13000
13048
13080
13106
13123
13152
13192
13239
13272
13303
13317
13337
13350
13386
13408
13423
13457
13498
13550
13578
13641
13697
13728
13762
13778
13813
13836
13890
13967
13987
14030
14046
14067
14125
14158
14200
14283
14358
14386
14439
14485
14509
14537
14549
14585
14615
14662
14698
14740
14785
14808
14838
14894
14924
14945
14963
15007
15040
15068
15081
15124
15186
15197
15218
15239
15258
15274
15308
15318
15330
15351
15384
15401
15431
15454
15468
15487
15507
15531
15546
15579
15657
15689
15704
15723
15738
15785
15818
15892
15964
15994
16012
16042
16071
16100
16125
16143
16164
16182
16204
16224
16268
16283
16315
16330
16355
16379
16392
16417
16440
16478
16502
16512
16535
16559
16590
16643
16668
16695
16717
16738
16770
16788
16801
16812
16848
16862
16888
16897
16919
16930
16940
16949
16961
16971
16976
16998
17035
17046
17053
17123
17148
17164
17176
17186
17203
17238
17246
17268
17278
17329
17355
17402
17436
17455
17508
17534
17566
17585
17629
17661
17697
17715
17730
17774
17821
17842
17866
17881
17900
17916
17939
17966
18015
18029
18050
18120
18131
18154
18203
18215
18239
18270
18292
18319
18333
18374
18433
18456
18482
18502
18520
18532
18553
18577
18608
18633
18662
18676
18687
18762
18783
18819
18831
18884
18898
18913
18987
19067
19099
19107
19113
19147
19182
19193
19223
19255
19260
19265
19271
19281
19300
19323
19360
19374
19410
19449
19458
19490
19504
19515
19542
19566
19620
19628
19657
19670
19682
19694
19703
19719
19746
19754
19760
19779
19803
19810
19842
19855
19887
19911
19922
19936
19969
20016
20071
20093
20122
20135
20173
20189
20207
20248
20275
20299
20324
20353
20367
20395
20408
20439
20455
20487
20511
20547
20557
20585
20642
20665
20718
20754
20799
20824
20859
20872
20907
20917
20938
20951
20999
21011
21019
21026
21036
21066
21097
21110
21135
21143
21156
21166
21176
21187
21211
21219
21227
21238
21262
21267
21291
21299
21305
21315
21341
21349
21381
21391
21403
21411
21418
21464
21476
21495
21524
21533
21557
21575
21605
21617
21630
21642
21649
21656
21684
21696
21710
21718
21726
21734
21764
21775
21783
21794
21811
21841
21857
21878
21888
21921
21933
21947
21960
21972
22005
22043
22077
22099
22122
22152
22169
22182
22204
22233
22245
22256
22265
22283
22310
22331
22338
22348
22369
22400
22410
22420
22449
22464
22491
22514
22523
22544
22551
22561
22584
22592
22625
22641
22664
22675
22704
22717
22725
22731
22752
22780
22790
22801
22807
22812
22827
22862
22876
22883
22893
22901
22933
22939
22946
22970
22977
23014
23035
23058
23078
23087
23102
23134
23163
23173
23183
23194
23210
23256
23262
23275
23287
23318
23332
23340
23349
23361
23367
23391
23403
23412
23424
23439
23449
23474
23482
23497
23504
23523
23532
23558
23566
23590
23610
23635
23687
23715
23735
23749
23769
23811
23829
23842
23870
23886
23907
23915
23948
23969
23979
23986
23996
24026
24037
24049
24063
24076
24088
24125
24146
24152
24159
24165
24209
24218
24239
24268
24276
24320
24357
24399
24451
24471
24525
24552
24584
24613
24665
24708
24748
24782
24816
24863
24885
24939
24961
24990
25020
25079
25132
25156
25179
25199
25233
25253
25272
25292
25303
25324
25335
25369
25390
25404
25414
25440
25452
25498
25520
25542
25553
25562
25578
25603
25614
25624
25636
25654
25684
25695
25704
25718
25731
25755
25770
25778
25788
25794
25802
25832
25840
25848
25854
25875
25918
25927
25945
25968
25980
26006
26018
26048
26061
26074
26082
26091
26124
26134
26140
26150
26171
26203
26211
26240
26251
26282
26290
26303
26317
26328
26382
26388
26403
26438
26445
26455
26478
26527
26533
26553
26563
26599
26613
26625
26640
26716
26740
26757
26764
26781
26788
26819
26831
26847
26871
26897
26905
26913
26922
26937
26950
26979
26992
27028
27063
27100
27110
27118
27134
27144
27156
27165
27176
27209
27217
27230
27239
27253
27263
27293
27300
27306
27321
27330
27345
27373
27386
27408
27427
27508
27530
27585
27642
27658
27694
27709
27746
27771
27823
27854
27904
27929
27950
27979
28003
28019
28032
28060
28079
28120
28137
28200
28217
28297
28325
28367
28452
28481
28529
28615
28691
28754
28792
28845
28879
28910
29002
29051
29085
29110
29156
29201
29233
29314
29342
29392
29425
29472
29547
29579
29628
29684
29711
29762
29793
29868
29908
29947
29980
30013
30030
30056
30086
30108
30134
30190
30215
30264
30291
30340
30399
30424
30457
30504
30583
30608
30655
30726
30740
30773
30789
30817
30842
30854
30877
30896
30918
30944
30973
30997
31036
31053
31075
31086
31096
31106
31133
31155
31168
31203
31241
31255
31273
31283
31316
31333
31341
31355
31362
31392
31422
31429
31440
31469
31474
31505
31519
31547
31561
31581
31595
31623
31630
31659
31668
31676
31698
31714
31731
31749
31765
31786
31794
31806
31830
31881
31889
31904
31927
31956
31961
31985
32032
32041
32055
32088
32100
32112
32127
32136
32155
32193
32213
32239
32257
32270
32295
32312
32354
32368
32422
32445
32500
32523
32605
32630
32679
32722
32745
32762
32784
32833
32847
32869
32915
32967
32991
33017
33074
33090
33112
33146
33221
33287
33298
33320
33381
33398
33453
33472
33502
33530
33554
33572
33607
33673
33683
33763
33838
33911
33964
34058
34143
34217
34291
34348
34432
34475
34523
34581
34663
34699
34742
34793
34826
34902
34944
34979
35034
35055
35089
35121
35149
35205
35279
35313
35342
35373
35390
35421
35474
35502
35521
35541
35555
35572
35590
35610
35622
35633
35643
35667
35692
35725
35751
35775
35793
35827
35852
35875
35899
35916
35931
35946
35975
35993
36014
36056
36070
36083
36097
36125
36139
36147
36165
36172
36180
36210
36218
36227
36238
36245
36251
36277
36300
36309
36321
36330
36356
36380
36432
36453
36477
36497
36510
36536
36576
36596
36624
36639
36654
36710
36720
36731
36771
36781
36790
36804
36810
36835
36842
36852
36857
36868
36877
36882
36908
36912
36918
36926
36943
36953
36980
37005
37058
37071
37084
37095
37134
37152
37160
37176
37214
37221
37231
37237
37248
37290
37296
37329
37335
37361
37369
37378
37397
37409
37432
37441
37448
37456
37463
37487
37517
37524
37549
37562
37606
37639
37650
37671
37686
37723
37749
37759
37770
37783
37797
37831
37849
37857
37870
37877
37903
37923
37936
37947
37956
37989
38005
38029
38066
38073
38082
38094
38111
38132
38146
38158
38175
38189
38218
38226
38234
38265
38308
38322
38329
38337
38368
38380
38407
38416
38422
38446
38488
38534
38541
38571
38600
38610
38626
38634
38643
38650
38676
38688
38699
38727
38754
38763
38790
38809
38830
38852
38867
38886
38937
38962
38987
39006
39018
39027
39043
39110
39124
39155
39201
39238
39256
39281
39356
39398
39438
39506
39543
39589
39631
39649
39673
39698
39744
39781
39795
39821
39848
39865
39897
39928
39947
39980
40009
40046
40097
40130
40169
40185
40210
40242
40285
40314
40347
40362
40388
40401
40418
40439
40456
40472
40481
40493
40515
40549
40588
40628
40648
40667
40694
40747
40775
40795
40830
40857
40911
40990
41009
41069
41141
41227
41249
41309
41386
41434
41464
41534
41567
41597
41683
41746
41775
41807
41855
41902
41934
41967
42010
42042
42095
42124
42156
42173
42205
42224
42257
42272
42295
42328
42353
42380
42393
42405
42453
42477
42489
42501
42514
42528
42562
42575
42583
42591
42600
42626
42636
42643
42663
42670
42681
42695
42714
42742
42750
42761
42780
42790
42801
42822
42875
42896
42918
42927
42940
42951
42976
42998
43014
43025
43034
43052
43060
43069
43080
43090
43102
43107
43142
43152
43161
43168
43183
43214
43227
43232
43246
43262
43325
43343
43397
43406
43417
43424
43445
43456
43466
43475
43483
43494
43503
43525
43555
43564
43574
43599
43621
43653
43679
43696
43728
43760
43808
43839
43858
43874
43898
43930
43943
43970
43990
44050
44075
44133
44176
44204
44279
44332
44359
44387
44438
44469
44520
44544
44567
44594
44664
44703
44735
44752
44785
44836
44876
44917
44960
44985
45005
45030
45043
45063
45074
45129
45139
45160
45181
45246
45270
45284
45305
45324
45378
45396
45405
45438
45451
45464
45475
45483
45511
45533
45547
45556
45565
45586
45594
45612
45626
45636
45667
45675
45682
45691
45698
45711
45723
45787
45799
45836
45875
45881
45904
45929
45956
45985
46004
46035
46092
46113
46143
46158
46175
46185
46195
46219
46233
46270
46299
46308
46331
46343
46383
46404
46412
46427
46453
46464
46487
46507
46541
46558
46589
46627
46666
46701
46715
46749
46784
46826
46869
46912
46949
46980
47017
47041
47063
47097
47115
47140
47187
47212
47256
47272
47295
47329
47375
47398
47455
47538
47581
47622
47704
47784
47866
47941
48005
48044
48101
48152
48221
48256
48304
48332
48356
48376
48398
48410
48446
48464
48473
48482
48519
48531
48539
48555
48567
48597
48610
48625
48633
48643
48667
48686
48696
48704
48710
48718
48743
48773
48780
48793
48828
48838
48850
48859
48869
48893
48899
48913
48924
48935
48949
48974
49006
49027
49063
49080
49106
49141
49159
49178
49199
49219
49232
49257
49292
49302
49319
49329
49360
49386
49399
49406
49431
49449
49476
49485
49513
49522
49544
49564
49581
49590
49609
49638
49666
49684
49712
49745
49759
49771
49785
49801
49831
49848
49858
49876
49919
49938
49949
49960
50006
50018
50028
50059
50078
50089
50107
50126
50148
50187
50217
50249
50298
50335
50367
50387
50403
50417
50447
50464
50487
50499
50525
50566
50578
50597
50607
50653
50684
50728
50759
50773
50786
50810
50843
50856
50863
50874
50887
50927
50938
50973
50989
51046
51075
51085
51096
51104
51117
51146
51156
51170
51176
51187
51194
51231
51243
51269
51276
51295
51303
