 2380
 2438
 2496
 2556
 2606
 2652
 2692
 2722
 2746
 2764
 2778
 2790
 2798
 2804
 2804
 2804
 2806
 2816
 2824
 2828
 2832
 2836
 2842
 2846
 2852
 2854
 2854
 2858
 2860
 2864
 2870
 2880
 2890
 2896
 2902
 2912
 2926
 2936
 2938
 2938
 2934
 2926
 2914
 2902
 2888
 2868
 2846
 2822
 2804
 2800
 2804
 2812
 2822
 2842
 2872
 2908
 2940
 2966
 2984
 3004
 3024
 3046
 3064
 3080
 3094
 3108
 3120
 3134
 3142
 3150
 3152
 3156
 3162
 3162
 3156
 3144
 3128
 3110
 3086
 3058
 3028
 2996
 2958
 2916
 2874
 2832
 2788
 2744
 2696
 2652
 2612
 2566
 2518
 2470
 2420
 2370
 2318
 2272
 2226
 2180
 2134
 2090
 2048
 2008
 1968
 1920
 1880
 1842
 1812
 1778
 1744
 1712
 1682
 1660
 1644
 1638
 1640
 1652
 1670
 1694
 1728
 1770
 1814
 1860
 1906
 1958
 2012
 2068
 2124
 2174
 2222
 2268
 2312
 2358
 2400
 2446
 2488
 2524
 2564
 2606
 2648
 2686
 2720
 2760
 2802
 2842
 2878
 2906
 2922
 2940
 2958
 2976
 2992
 3006
 3022
 3036
 3052
 3066
 3078
 3084
 3090
 3096
 3104
 3110
 3110
 3106
 3100
 3090
 3080
 3068
 3054
 3042
 3026
 3004
 2984
 2960
 2936
 2914
 2886
 2858
 2834
 2810
 2786
 2758
 2730
 2698
 2666
 2632
 2600
 2568
 2536
 2502
 2468
 2434
 2402
 2370
 2336
 2300
 2268
 2242
 2216
 2184
 2158
 2126
 2096
 2064
 2036
 2008
 1978
 1950
 1926
 1908
 1900
 1904
 1916
 1928
 1946
 1972
 2008
 2048
 2088
 2128
 2168
 2212
 2254
 2296
 2340
 2380
 2424
 2466
 2508
 2546
 2586
 2626
 2664
 2694
 2728
 2764
 2804
 2838
 2864
 2890
 2912
 2926
 2942
 2956
 2970
 2984
 2998
 3010
 3020
 3030
 3038
 3042
 3044
 3048
 3056
 3064
 3068
 3068
 3068
 3068
 3062
 3050
 3038
 3026
 3010
 2992
 2970
 2946
 2922
 2900
 2874
 2844
 2814
 2788
 2762
 2736
 2708
 2680
 2648
 2614
 2580
 2548
 2514
 2480
 2448
 2414
 2376
 2340
 2312
 2280
 2242
 2204
 2172
 2140
 2108
 2072
 2038
 2008
 1976
 1948
 1926
 1912
 1902
 1902
 1906
 1916
 1934
 1964
 1994
 2024
 2062
 2106
 2156
 2204
 2252
 2300
 2348
 2392
 2436
 2482
 2526
 2570
 2610
 2650
 2688
 2724
 2762
 2796
 2826
 2852
 2882
 2912
 2942
 2970
 2992
 3010
 3020
 3032
 3042
 3054
 3062
 3072
 3078
 3086
 3090
 3094
 3096
 3094
 3090
 3086
 3086
 3084
 3078
 3068
 3052
 3038
 3020
 3000
 2980
 2960
 2938
 2912
 2884
 2854
 2826
 2798
 2766
 2736
 2702
 2674
 2648
 2622
 2592
 2560
 2528
 2494
 2460
 2424
 2388
 2356
 2320
 2282
 2246
 2208
 2174
 2142
 2110
 2076
 2048
 2024
 1998
 1968
 1942
 1920
 1906
 1896
 1894
 1900
 1914
 1934
 1958
 1988
 2022
 2060
 2100
 2142
 2184
 2224
 2276
 2330
 2384
 2436
 2484
 2530
 2572
 2610
 2650
 2684
 2720
 2754
 2784
 2814
 2844
 2872
 2898
 2918
 2932
 2950
 2974
 2996
 3014
 3028
 3038
 3050
 3058
 3068
 3074
 3078
 3082
 3086
 3090
 3092
 3088
 3086
 3080
 3070
 3054
 3042
 3030
 3010
 2990
 2966
 2938
 2910
 2880
 2850
 2816
 2784
 2752
 2718
 2686
 2656
 2628
 2598
 2562
 2530
 2502
 2476
 2444
 2412
 2378
 2344
 2310
 2272
 2234
 2198
 2160
 2124
 2090
 2058
 2028
 2008
 1990
 1978
 1974
 1982
 1996
 2016
 2042
 2076
 2110
 2148
 2184
 2226
 2270
 2316
 2366
 2414
 2460
 2506
 2554
 2598
 2636
 2670
 2708
 2750
 2792
 2828
 2860
 2892
 2914
 2932
 2948
 2964
 2980
 2994
 3004
 3014
 3022
 3030
 3040
 3040
 3040
 3042
 3048
 3056
 3058
 3056
 3050
 3044
 3028
 3008
 2988
 2964
 2942
 2916
 2884
 2852
 2818
 2786
 2752
 2716
 2682
 2648
 2618
 2584
 2550
 2512
 2476
 2436
 2400
 2364
 2328
 2294
 2258
 2224
 2190
 2158
 2128
 2096
 2062
 2028
 2000
 1974
 1950
 1924
 1898
 1876
 1860
 1846
 1844
 1848
 1860
 1878
 1904
 1940
 1982
 2024
 2072
 2120
 2166
 2210
 2260
 2314
 2364
 2410
 2458
 2500
 2540
 2576
 2610
 2642
 2674
 2704
 2730
 2758
 2786
 2812
 2840
 2862
 2882
 2904
 2928
 2952
 2972
 2988
 2996
 3006
 3014
 3020
 3024
 3026
 3028
 3026
 3022
 3016
 3006
 2996
 2982
 2966
 2946
 2926
 2912
 2894
 2872
 2850
 2820
 2790
 2758
 2726
 2694
 2666
 2636
 2606
 2574
 2544
 2514
 2486
 2456
 2424
 2394
 2368
 2344
 2316
 2286
 2258
 2226
 2196
 2164
 2132
 2098
 2062
 2030
 1996
 1964
 1932
 1904
 1884
 1866
 1852
 1846
 1854
 1860
 1864
 1872
 1878
 1888
 1898
 1910
 1922
 1936
 1954
 1968
 1982
 1996
 2014
 2042
 2080
 2122
 2160
 2200
 2248
 2300
 2346
 2388
 2430
 2468
 2504
 2540
 2574
 2606
 2640
 2674
 2702
 2730
 2758
 2786
 2812
 2836
 2854
 2874
 2900
 2928
 2952
 2970
 2984
 2994
 3004
 3014
 3022
 3030
 3034
 3038
 3040
 3042
 3042
 3040
 3036
 3032
 3024
 3016
 3008
 3004
 2994
 2982
 2966
 2946
 2926
 2904
 2882
 2860
 2832
 2802
 2772
 2742
 2712
 2688
 2664
 2638
 2608
 2584
 2562
 2540
 2514
 2486
 2456
 2424
 2390
 2354
 2318
 2282
 2248
 2216
 2182
 2150
 2116
 2084
 2058
 2028
 1994
 1968
 1944
 1922
 1902
 1886
 1874
 1872
 1874
 1880
 1890
 1906
 1926
 1954
 1982
 2014
 2048
 2090
 2134
 2172
 2210
 2258
 2314
 2368
 2418
 2458
 2496
 2532
 2568
 2602
 2632
 2664
 2692
 2722
 2750
 2776
 2802
 2828
 2852
 2872
 2894
 2916
 2942
 2964
 2980
 2994
 3006
 3014
 3022
 3032
 3040
 3044
 3050
 3056
 3062
 3068
 3074
 3076
 3080
 3080
 3084
 3090
 3098
 3104
 3106
 3108
 3110
 3106
 3106
 3104
 3100
 3094
 3082
 3066
 3050
 3032
 3010
 2990
 2964
 2942
 2920
 2898
 2874
 2848
 2818
 2788
 2760
 2732
 2702
 2674
 2642
 2610
 2578
 2548
 2516
 2484
 2456
 2424
 2390
 2362
 2336
 2310
 2280
 2248
 2216
 2182
 2150
 2114
 2082
 2048
 2014
 1984
 1946
 1910
 1874
 1842
 1812
 1786
 1766
 1754
 1752
 1756
 1766
 1780
 1802
 1824
 1850
 1886
 1922
 1960
 2000
 2040
 2084
 2130
 2178
 2226
 2272
 2318
 2368
 2422
 2476
 2522
 2570
 2614
 2652
 2690
 2728
 2762
 2794
 2822
 2852
 2880
 2906
 2930
 2950
 2964
 2974
 2982
 2998
 3016
 3028
 3038
 3044
 3050
 3056
 3062
 3068
 3066
 3066
 3062
 3058
 3052
 3044
 3030
 3014
 2990
 2966
 2940
 2920
 2892
 2864
 2832
 2800
 2764
 2728
 2694
 2658
 2624
 2592
 2556
 2520
 2488
 2454
 2422
 2388
 2352
 2318
 2290
 2258
 2226
 2192
 2158
 2120
 2082
 2044
 2008
 1972
 1932
 1894
 1858
 1820
 1784
 1750
 1720
 1682
 1646
 1620
 1606
 1596
 1592
 1592
 1600
 1612
 1626
 1648
 1674
 1706
 1742
 1776
 1812
 1850
 1892
 1940
 1990
 2034
 2080
 2128
 2182
 2236
 2286
 2330
 2372
 2416
 2458
 2498
 2536
 2574
 2610
 2642
 2674
 2708
 2738
 2768
 2792
 2814
 2830
 2850
 2876
 2902
 2926
 2948
 2962
 2972
 2980
 2988
 2996
 3004
 3006
 3012
 3016
 3020
 3024
 3028
 3032
 3034
 3032
 3030
 3030
 3032
 3030
 3024
 3012
 2996
 2976
 2954
 2934
 2908
 2882
 2854
 2826
 2796
 2766
 2740
 2712
 2682
 2652
 2622
 2594
 2570
 2542
 2508
 2476
 2444
 2410
 2372
 2336
 2298
 2260
 2224
 2190
 2154
 2122
 2098
 2082
 2070
 2070
 2076
 2092
 2116
 2146
 2182
 2222
 2260
 2296
 2330
 2368
 2406
 2442
 2478
 2516
 2554
 2594
 2634
 2672
 2704
 2730
 2758
 2792
 2828
 2856
 2880
 2898
 2912
 2926
 2940
 2952
 2960
 2970
 2978
 2988
 2998
 3004
 3008
 3012
 3012
 3010
 3010
 3012
 3010
 3006
 2992
 2980
 2958
 2936
 2912
 2888
 2860
 2828
 2796
 2762
 2730
 2698
 2674
 2646
 2614
 2584
 2556
 2528
 2496
 2462
 2428
 2394
 2360
 2326
 2290
 2256
 2222
 2188
 2152
 2112
 2072
 2038
 2006
 1974
 1946
 1926
 1920
 1924
 1934
 1946
 1966
 1992
 2020
 2052
 2086
 2122
 2162
 2210
 2254
 2300
 2346
 2396
 2444
 2486
 2532
 2582
 2632
 2678
 2718
 2754
 2784
 2814
 2840
 2866
 2890
 2910
 2928
 2940
 2954
 2968
 2978
 2988
 2992
 2994
 3002
 3014
 3026
 3030
 3030
 3032
 3034
 3030
 3022
 3012
 3004
 2994
 2982
 2962
 2944
 2924
 2902
 2878
 2846
 2814
 2790
 2766
 2736
 2708
 2674
 2640
 2604
 2568
 2530
 2492
 2456
 2414
 2376
 2334
 2292
 2252
 2214
 2172
 2128
 2090
 2056
 2024
 1988
 1952
 1918
 1890
 1864
 1848
 1842
 1846
 1856
 1870
 1894
 1922
 1952
 1990
 2030
 2066
 2112
 2162
 2220
 2276
 2334
 2386
 2434
 2480
 2526
 2572
 2616
 2654
 2692
 2728
 2758
 2790
 2818
 2846
 2870
 2888
 2900
 2916
 2940
 2958
 2972
 2978
 2986
 2994
 3000
 3008
 3012
 3016
 3022
 3026
 3030
 3026
 3028
 3026
 3022
 3016
 3008
 3004
 3000
 2990
 2974
 2954
 2932
 2906
 2878
 2852
 2822
 2790
 2760
 2728
 2698
 2670
 2642
 2614
 2582
 2550
 2516
 2486
 2454
 2416
 2378
 2340
 2298
 2256
 2212
 2168
 2124
 2080
 2036
 1996
 1954
 1918
 1882
 1848
 1814
 1784
 1762
 1742
 1728
 1716
 1714
 1718
 1730
 1750
 1778
 1812
 1848
 1892
 1930
 1970
 2016
 2062
 2108
 2148
 2192
 2242
 2302
 2360
 2412
 2456
 2498
 2540
 2578
 2616
 2650
 2684
 2716
 2746
 2774
 2798
 2824
 2850
 2872
 2888
 2902
 2920
 2936
 2954
 2966
 2978
 2986
 2994
 2998
 3002
 3010
 3014
 3014
 3018
 3020
 3020
 3020
 3016
 3008
 3000
 2990
 2984
 2970
 2952
 2928
 2902
 2872
 2840
 2810
 2778
 2744
 2712
 2678
 2646
 2610
 2574
 2542
 2506
 2468
 2434
 2404
 2372
 2340
 2304
 2266
 2230
 2190
 2150
 2112
 2074
 2034
 1998
 1962
 1930
 1902
 1880
 1862
 1852
 1856
 1866
 1888
 1914
 1952
 1990
 2030
 2070
 2110
 2150
 2192
 2234
 2274
 2318
 2362
 2404
 2450
 2492
 2528
 2560
 2598
 2640
 2682
 2720
 2752
 2780
 2806
 2830
 2854
 2874
 2890
 2908
 2926
 2940
 2946
 2954
 2962
 2970
 2974
 2982
 2992
 3006
 3016
 3020
 3020
 3022
 3022
 3024
 3022
 3018
 3016
 3010
 3004
 2996
 2986
 2974
 2960
 2940
 2916
 2894
 2874
 2850
 2826
 2798
 2768
 2736
 2702
 2670
 2636
 2604
 2570
 2538
 2504
 2470
 2440
 2406
 2370
 2336
 2306
 2276
 2242
 2208
 2172
 2134
 2098
 2060
 2024
 1988
 1952
 1914
 1880
 1848
 1822
 1806
 1798
 1800
 1812
 1830
 1864
 1906
 1948
 1992
 2032
 2074
 2120
 2164
 2210
 2260
 2310
 2360
 2412
 2462
 2510
 2554
 2594
 2630
 2668
 2710
 2750
 2784
 2814
 2838
 2860
 2880
 2902
 2920
 2936
 2948
 2960
 2964
 2970
 2976
 2982
 2982
 2982
 2980
 2986
 2994
 2994
 2992
 2988
 2978
 2966
 2952
 2932
 2912
 2892
 2870
 2846
 2818
 2790
 2766
 2736
 2706
 2680
 2658
 2636
 2610
 2580
 2552
 2520
 2488
 2454
 2420
 2386
 2352
 2318
 2284
 2248
 2216
 2180
 2142
 2104
 2066
 2034
 2004
 1974
 1938
 1908
 1876
 1844
 1812
 1784
 1758
 1736
 1720
 1710
 1710
 1722
 1744
 1776
 1810
 1846
 1890
 1946
 1998
 2046
 2096
 2146
 2200
 2250
 2302
 2352
 2402
 2448
 2494
 2538
 2576
 2612
 2650
 2682
 2710
 2736
 2764
 2798
 2828
 2852
 2870
 2884
 2892
 2900
 2910
 2920
 2930
 2938
 2946
 2958
 2966
 2974
 2978
 2980
 2982
 2984
 2992
 3002
 3006
 3006
 3004
 3002
 2992
 2982
 2972
 2958
 2942
 2922
 2902
 2880
 2856
 2834
 2806
 2776
 2746
 2718
 2696
 2670
 2642
 2612
 2582
 2550
 2516
 2484
 2452
 2420
 2388
 2354
 2320
 2286
 2254
 2224
 2192
 2160
 2130
 2102
 2076
 2044
 2010
 1976
 1942
 1906
 1872
 1838
 1806
 1774
 1744
 1718
 1694
 1676
 1666
 1660
 1664
 1678
 1698
 1730
 1768
 1806
 1844
 1884
 1926
 1970
 2016
 2062
 2110
 2158
 2206
 2254
 2300
 2346
 2390
 2432
 2468
 2510
 2556
 2602
 2642
 2678
 2710
 2740
 2770
 2798
 2820
 2840
 2856
 2872
 2886
 2894
 2902
 2910
 2918
 2922
 2928
 2940
 2956
 2964
 2968
 2968
 2968
 2968
 2966
 2966
 2960
 2956
 2948
 2938
 2924
 2910
 2892
 2874
 2852
 2830
 2808
 2790
 2766
 2740
 2712
 2684
 2654
 2622
 2588
 2556
 2520
 2486
 2450
 2414
 2378
 2348
 2314
 2280
 2244
 2214
 2184
 2150
 2116
 2078
 2040
 2004
 1970
 1936
 1902
 1870
 1842
 1814
 1788
 1768
 1758
 1756
 1756
 1764
 1778
 1802
 1832
 1860
 1888
 1918
 1950
 1982
 2014
 2052
 2092
 2136
 2178
 2218
 2260
 2304
 2348
 2390
 2424
 2462
 2508
 2552
 2590
 2626
 2656
 2686
 2714
 2740
 2762
 2784
 2804
 2824
 2842
 2858
 2874
 2888
 2898
 2904
 2908
 2918
 2930
 2940
 2944
 2946
 2948
 2948
 2946
 2942
 2934
 2926
 2916
 2902
 2884
 2864
 2844
 2822
 2800
 2778
 2762
 2742
 2718
 2690
 2658
 2624
 2588
 2552
 2514
 2480
 2444
 2408
 2372
 2336
 2302
 2270
 2238
 2204
 2174
 2148
 2124
 2094
 2066
 2036
 2004
 1974
 1946
 1920
 1896
 1878
 1864
 1856
 1854
 1862
 1880
 1904
 1926
 1954
 1990
 2038
 2082
 2124
 2166
 2212
 2260
 2306
 2350
 2394
 2434
 2474
 2512
 2550
 2582
 2614
 2646
 2674
 2700
 2726
 2760
 2794
 2820
 2844
 2862
 2882
 2900
 2916
 2930
 2944
 2954
 2956
 2960
 2964
 2966
 2970
 2970
 2966
 2962
 2962
 2960
 2948
 2932
 2914
 2896
 2872
 2846
 2820
 2794
 2770
 2746
 2724
 2700
 2672
 2648
 2620
 2592
 2562
 2534
 2508
 2476
 2444
 2410
 2376
 2342
 2304
 2268
 2232
 2196
 2160
 2124
 2088
 2050
 2018
 1982
 1942
 1904
 1872
 1838
 1806
 1772
 1738
 1708
 1678
 1650
 1628
 1616
 1608
 1606
 1612
 1624
 1644
 1674
 1706
 1740
 1776
 1820
 1870
 1918
 1966
 2012
 2058
 2104
 2146
 2188
 2232
 2278
 2320
 2362
 2400
 2440
 2482
 2522
 2556
 2588
 2620
 2656
 2692
 2724
 2752
 2776
 2802
 2824
 2848
 2868
 2884
 2892
 2904
 2916
 2928
 2936
 2944
 2952
 2958
 2962
 2968
 2976
 2980
 2980
 2978
 2972
 2962
 2952
 2942
 2934
 2922
 2906
 2886
 2866
 2842
 2820
 2792
 2762
 2732
 2704
 2682
 2660
 2632
 2602
 2570
 2538
 2504
 2472
 2436
 2402
 2366
 2334
 2300
 2268
 2238
 2210
 2176
 2140
 2108
 2082
 2054
 2022
 1988
 1954
 1922
 1888
 1852
 1818
 1782
 1750
 1718
 1690
 1666
 1646
 1634
 1626
 1628
 1638
 1650
 1670
 1692
 1716
 1744
 1774
 1804
 1836
 1876
 1916
 1954
 1996
 2040
 2084
 2126
 2168
 2212
 2254
 2298
 2344
 2392
 2438
 2478
 2514
 2548
 2578
 2606
 2636
 2664
 2690
 2714
 2740
 2762
 2784
 2808
 2830
 2850
 2864
 2880
 2902
 2926
 2944
 2954
 2964
 2972
 2980
 2984
 2990
 2990
 2992
 2992
 2994
 2996
 2992
 2990
 2984
 2976
 2964
 2956
 2950
 2934
 2916
 2894
 2864
 2834
 2804
 2772
 2742
 2714
 2684
 2652
 2618
 2584
 2552
 2520
 2488
 2454
 2426
 2400
 2372
 2340
 2306
 2272
 2234
 2194
 2158
 2120
 2080
 2042
 2004
 1966
 1928
 1896
 1862
 1826
 1794
 1766
 1750
 1736
 1728
 1728
 1736
 1750
 1774
 1804
 1838
 1876
 1916
 1954
 2000
 2046
 2092
 2142
 2190
 2242
 2296
 2356
 2416
 2468
 2516
 2560
 2600
 2638
 2676
 2710
 2742
 2774
 2802
 2828
 2852
 2874
 2898
 2916
 2926
 2938
 2958
 2978
 2992
 3000
 3008
 3012
 3016
 3020
 3020
 3020
 3022
 3022
 3018
 3016
 3010
 3004
 2996
 2982
 2964
 2952
 2938
 2924
 2902
 2878
 2850
 2824
 2796
 2770
 2744
 2716
 2688
 2660
 2630
 2602
 2572
 2544
 2512
 2478
 2452
 2426
 2396
 2364
 2332
 2300
 2266
 2232
 2200
 2166
 2134
 2096
 2060
 2024
 1990
 1956
 1926
 1892
 1864
 1842
 1832
 1822
 1822
 1826
 1836
 1854
 1874
 1902
 1934
 1970
 2012
 2054
 2102
 2148
 2194
 2250
 2302
 2350
 2398
 2452
 2510
 2564
 2612
 2658
 2700
 2738
 2772
 2802
 2830
 2856
 2880
 2902
 2922
 2942
 2958
 2968
 2976
 2982
 2988
 3002
 3014
 3022
 3030
 3034
 3040
 3042
 3046
 3052
 3054
 3058
 3056
 3058
 3058
 3056
 3056
 3052
 3044
 3032
 3018
 3006
 2990
 2970
 2946
 2920
 2892
 2860
 2828
 2796
 2764
 2734
 2706
 2674
 2638
 2604
 2572
 2542
 2506
 2472
 2442
 2414
 2384
 2352
 2316
 2284
 2248
 2214
 2178
 2140
 2104
 2068
 2032
 2000
 1972
 1944
 1918
 1894
 1872
 1858
 1858
 1862
 1872
 1890
 1914
 1942
 1974
 2014
 2054
 2098
 2146
 2198
 2252
 2304
 2356
 2412
 2464
 2512
 2558
 2610
 2662
 2706
 2746
 2780
 2810
 2836
 2860
 2884
 2906
 2926
 2946
 2960
 2970
 2982
 2996
 3004
 3012
 3016
 3026
 3038
 3048
 3052
 3048
 3046
 3040
 3034
 3024
 3010
 2994
 2978
 2958
 2936
 2908
 2882
 2854
 2826
 2796
 2770
 2744
 2716
 2686
 2658
 2628
 2598
 2566
 2534
 2500
 2470
 2438
 2404
 2370
 2340
 2308
 2278
 2244
 2210
 2182
 2156
 2130
 2100
 2068
 2036
 2004
 1972
 1940
 1910
 1882
 1858
 1834
 1810
 1792
 1784
 1784
 1784
 1792
 1808
 1836
 1870
 1910
 1950
 1992
 2038
 2082
 2128
 2174
 2220
 2266
 2316
 2366
 2410
 2456
 2500
 2542
 2578
 2614
 2658
 2704
 2746
 2782
 2814
 2842
 2872
 2896
 2920
 2940
 2958
 2972
 2984
 2994
 3004
 3014
 3022
 3026
 3026
 3030
 3038
 3046
 3046
 3042
 3036
 3030
 3022
 3010
 3000
 2986
 2968
 2948
 2926
 2900
 2876
 2854
 2826
 2800
 2774
 2752
 2728
 2706
 2680
 2650
 2620
 2590
 2558
 2526
 2496
 2464
 2432
 2400
 2368
 2336
 2306
 2274
 2236
 2204
 2174
 2150
 2130
 2106
 2086
 2070
 2058
 2052
 2052
 2058
 2072
 2090
 2110
 2136
 2166
 2200
 2242
 2282
 2326
 2374
 2430
 2488
 2542
 2594
 2640
 2684
 2724
 2762
 2798
 2830
 2860
 2886
 2910
 2930
 2944
 2958
 2970
 2980
 2988
 3000
 3020
 3038
 3050
 3056
 3062
 3066
 3068
 3070
 3072
 3072
 3072
 3072
 3072
 3070
 3066
 3060
 3052
 3044
 3036
 3032
 3024
 3012
 2998
 2978
 2954
 2928
 2902
 2874
 2844
 2814
 2782
 2748
 2712
 2680
 2650
 2618
 2584
 2550
 2524
 2494
 2464
 2430
 2396
 2362
 2326
 2290
 2252
 2216
 2176
 2138
 2094
 2052
 2008
 1968
 1922
 1876
 1834
 1792
 1758
 1726
 1696
 1674
 1654
 1640
 1636
 1640
 1648
 1662
 1680
 1708
 1736
 1768
 1804
 1844
 1884
 1928
 1978
 2034
 2086
 2136
 2182
 2230
 2272
 2316
 2358
 2402
 2440
 2478
 2514
 2554
 2592
 2628
 2662
 2690
 2720
 2754
 2790
 2824
 2854
 2880
 2904
 2928
 2948
 2962
 2970
 2978
 2986
 2994
 3002
 3008
 3014
 3020
 3024
 3022
 3018
 3022
 3026
 3026
 3022
 3020
 3016
 3012
 3010
 3006
 3002
 2998
 2992
 2988
 2980
 2966
 2956
 2942
 2924
 2900
 2878
 2858
 2838
 2814
 2788
 2764
 2738
 2708
 2682
 2652
 2622
 2592
 2562
 2530
 2500
 2468
 2440
 2410
 2376
 2346
 2318
 2286
 2252
 2216
 2178
 2138
 2100
 2060
 2022
 1982
 1944
 1908
 1880
 1854
 1838
 1838
 1846
 1858
 1878
 1910
 1948
 1988
 2030
 2070
 2114
 2154
 2196
 2238
 2284
 2328
 2378
 2426
 2472
 2518
 2562
 2604
 2644
 2680
 2714
 2752
 2794
 2830
 2860
 2884
 2908
 2922
 2936
 2948
 2960
 2970
 2978
 2988
 2996
 3002
 3012
 3012
 3012
 3012
 3016
 3022
 3028
 3028
 3024
 3022
 3016
 3006
 2994
 2982
 2970
 2952
 2932
 2908
 2886
 2862
 2840
 2814
 2784
 2754
 2730
 2704
 2676
 2646
 2614
 2578
 2544
 2510
 2476
 2440
 2406
 2368
 2334
 2296
 2262
 2228
 2194
 2158
 2122
 2092
 2066
 2034
 2000
 1964
 1926
 1884
 1846
 1806
 1772
 1738
 1706
 1674
 1648
 1620
 1600
 1582
 1566
 1564
 1574
 1594
 1620
 1650
 1686
 1722
 1758
 1798
 1842
 1890
 1936
 1984
 2032
 2078
 2124
 2176
 2226
 2276
 2320
 2366
 2416
 2468
 2514
 2556
 2594
 2626
 2660
 2690
 2722
 2750
 2778
 2802
 2826
 2848
 2868
 2886
 2902
 2916
 2928
 2942
 2962
 2978
 2990
 3000
 3006
 3010
 3016
 3018
 3020
 3020
 3018
 3016
 3014
 3010
 3002
 2992
 2980
 2968
 2958
 2950
 2938
 2922
 2904
 2880
 2856
 2828
 2800
 2774
 2746
 2722
 2692
 2662
 2634
 2604
 2578
 2546
 2516
 2488
 2458
 2428
 2396
 2360
 2324
 2288
 2252
 2214
 2176
 2140
 2102
 2064
 2026
 1990
 1958
 1928
 1896
 1866
 1842
 1826
 1812
 1802
 1796
 1800
 1806
 1822
 1846
 1876
 1912
 1948
 1988
 2030
 2076
 2120
 2170
 2218
 2266
 2318
 2378
 2434
 2484
 2528
 2570
 2608
 2644
 2678
 2710
 2740
 2770
 2796
 2822
 2846
 2868
 2890
 2908
 2922
 2932
 2946
 2966
 2980
 2988
 2992
 2996
 2998
 3004
 3004
 3006
 3006
 3004
 3000
 2998
 2990
 2984
 2974
 2960
 2946
 2932
 2922
 2908
 2888
 2868
 2846
 2820
 2794
 2766
 2738
 2712
 2684
 2654
 2622
 2590
 2562
 2532
 2498
 2464
 2436
 2406
 2380
 2348
 2316
 2284
 2252
 2220
 2186
 2154
 2120
 2088
 2054
 2022
 1992
 1964
 1938
 1910
 1884
 1866
 1856
 1848
 1848
 1854
 1864
 1880
 1902
 1926
 1956
 1990
 2024
 2060
 2098
 2138
 2180
 2228
 2272
 2316
 2364
 2416
 2466
 2512
 2552
 2590
 2626
 2658
 2688
 2718
 2744
 2770
 2794
 2818
 2842
 2864
 2886
 2900
 2908
 2918
 2932
 2952
 2968
 2976
 2984
 2992
 2998
 3002
 3002
 3002
 3002
 3002
 3002
 3000
 2996
 2992
 2986
 2976
 2960
 2948
 2936
 2922
 2900
 2876
 2852
 2826
 2798
 2768
 2742
 2712
 2682
 2648
 2616
 2582
 2550
 2516
 2480
 2448
 2422
 2394
 2362
 2328
 2292
 2260
 2222
 2184
 2146
 2106
 2064
 2022
 1984
 1944
 1908
 1874
 1838
 1798
 1766
 1738
 1712
 1686
 1658
 1634
 1610
 1590
 1574
 1558
 1552
 1552
 1556
 1568
 1584
 1610
 1640
 1672
 1704
 1748
 1798
 1850
 1898
 1946
 1990
 2032
 2078
 2122
 2164
 2206
 2246
 2288
 2332
 2376
 2420
 2462
 2496
 2532
 2570
 2614
 2656
 2690
 2722
 2750
 2778
 2804
 2824
 2844
 2864
 2884
 2904
 2918
 2928
 2938
 2948
 2956
 2962
 2970
 2982
 2994
 3000
 3004
 3008
 3008
 3008
 3010
 3008
 3004
 2996
 2988
 2980
 2968
 2958
 2944
 2928
 2912
 2900
 2886
 2868
 2844
 2822
 2794
 2764
 2736
 2704
 2674
 2644
 2614
 2584
 2550
 2518
 2490
 2456
 2422
 2390
 2360
 2330
 2294
 2254
 2214
 2170
 2126
 2078
 2032
 1986
 1938
 1890
 1844
 1796
 1756
 1718
 1676
 1636
 1598
 1566
 1532
 1498
 1472
 1446
 1426
 1402
 1380
 1372
 1368
 1372
 1380
 1392
 1414
 1448
 1474
 1504
 1538
 1582
 1628
 1676
 1724
 1768
 1818
 1864
 1908
 1954
 2000
 2048
 2094
 2138
 2180
 2226
 2274
 2318
 2356
 2394
 2440
 2488
 2530
 2566
 2596
 2628
 2654
 2680
 2702
 2720
 2744
 2766
 2786
 2806
 2824
 2844
 2858
 2872
 2886
 2904
 2920
 2930
 2938
 2946
 2954
 2960
 2960
 2964
 2972
 2976
 2980
 2980
 2982
 2982
 2982
 2976
 2966
 2960
 2956
 2946
 2926
 2902
 2878
 2848
 2820
 2788
 2758
 2724
 2690
 2656
 2622
 2590
 2560
 2526
 2492
 2458
 2430
 2402
 2368
 2334
 2300
 2264
 2226
 2188
 2150
 2114
 2076
 2036
 1996
 1956
 1922
 1890
 1852
 1814
 1780
 1752
 1728
 1702
 1674
 1646
 1618
 1592
 1572
 1560
 1556
 1558
 1570
 1584
 1602
 1628
 1662
 1698
 1736
 1778
 1824
 1872
 1920
 1966
 2014
 2058
 2100
 2146
 2190
 2234
 2274
 2318
 2360
 2400
 2438
 2476
 2510
 2542
 2572
 2606
 2642
 2678
 2710
 2736
 2760
 2784
 2806
 2826
 2844
 2862
 2876
 2892
 2902
 2912
 2922
 2932
 2936
 2940
 2942
 2952
 2962
 2970
 2974
 2976
 2978
 2978
 2974
 2966
 2960
 2952
 2942
 2932
 2914
 2896
 2876
 2854
 2830
 2802
 2778
 2756
 2734
 2712
 2688
 2662
 2634
 2602
 2570
 2542
 2512
 2482
 2450
 2418
 2384
 2350
 2320
 2286
 2250
 2214
 2180
 2150
 2116
 2078
 2038
 2000
 1964
 1924
 1886
 1846
 1806
 1768
 1732
 1696
 1662
 1632
 1602
 1574
 1556
 1552
 1558
 1572
 1586
 1608
 1636
 1668
 1702
 1736
 1774
 1816
 1856
 1896
 1936
 1976
 2018
 2058
 2100
 2142
 2184
 2232
 2286
 2344
 2392
 2434
 2478
 2516
 2552
 2584
 2616
 2650
 2680
 2710
 2738
 2762
 2788
 2812
 2834
 2854
 2872
 2892
 2920
 2942
 2960
 2976
 2986
 2994
 3002
 3008
 3012
 3012
 3014
 3012
 3014
 3010
 3004
 2998
 2988
 2974
 2958
 2944
 2930
 2910
 2886
 2860
 2832
 2802
 2770
 2738
 2708
 2680
 2648
 2616
 2582
 2548
 2518
 2486
 2454
 2422
 2398
 2372
 2342
 2308
 2272
 2238
 2198
 2158
 2114
 2074
 2036
 1996
 1958
 1922
 1888
 1858
 1828
 1798
 1772
 1752
 1738
 1724
 1716
 1710
 1708
 1710
 1720
 1732
 1754
 1778
 1806
 1838
 1872
 1910
 1956
 2000
 2040
 2078
 2126
 2178
 2226
 2274
 2320
 2364
 2408
 2448
 2488
 2524
 2558
 2594
 2630
 2660
 2692
 2722
 2752
 2778
 2804
 2834
 2866
 2894
 2916
 2930
 2944
 2956
 2966
 2972
 2978
 2984
 2988
 2988
 2988
 2978
 2970
 2960
 2946
 2930
 2912
 2898
 2884
 2860
 2836
 2808
 2778
 2744
 2712
 2682
 2654
 2620
 2588
 2554
 2522
 2490
 2460
 2424
 2392
 2366
 2340
 2312
 2280
 2248
 2214
 2180
 2142
 2102
 2064
 2026
 1990
 1954
 1916
 1882
 1856
 1834
 1816
 1808
 1810
 1824
 1844
 1866
 1894
 1924
 1956
 1990
 2024
 2060
 2098
 2132
 2170
 2208
 2246
 2284
 2322
 2358
 2396
 2440
 2488
 2534
 2582
 2622
 2658
 2694
 2726
 2756
 2784
 2810
 2834
 2858
 2878
 2898
 2918
 2938
 2954
 2964
 2976
 2994
 3012
 3030
 3038
 3048
 3058
 3066
 3074
 3078
 3084
 3090
 3094
 3096
 3092
 3090
 3088
 3084
 3076
 3066
 3060
 3054
 3042
 3028
 3008
 2986
 2964
 2940
 2916
 2886
 2856
 2826
 2798
 2768
 2740
 2714
 2686
 2654
 2624
 2600
 2574
 2548
 2518
 2486
 2456
 2424
 2392
 2360
 2328
 2294
 2262
 2228
 2194
 2164
 2136
 2108
 2078
 2054
 2038
 2032
 2030
 2034
 2048
 2068
 2094
 2120
 2150
 2186
 2226
 2268
 2308
 2350
 2390
 2428
 2466
 2500
 2532
 2570
 2614
 2656
 2690
 2722
 2752
 2780
 2810
 2838
 2866
 2890
 2912
 2928
 2944
 2960
 2976
 2992
 2998
 3004
 3010
 3022
 3038
 3048
 3054
 3056
 3062
 3064
 3060
 3058
 3056
 3054
 3048
 3040
 3030
 3018
 3010
 2996
 2974
 2954
 2940
 2926
 2908
 2882
 2856
 2830
 2804
 2776
 2752
 2724
 2696
 2664
 2632
 2600
 2568
 2538
 2506
 2470
 2434
 2406
 2378
 2346
 2312
 2274
 2238
 2202
 2162
 2124
 2084
 2044
 2006
 1966
 1928
 1888
 1858
 1826
 1798
 1778
 1774
 1778
 1788
 1808
 1832
 1864
 1898
 1930
 1968
 2008
 2052
 2092
 2136
 2180
 2222
 2270
 2316
 2360
 2402
 2446
 2496
 2544
 2590
 2632
 2670
 2708
 2742
 2776
 2808
 2838
 2864
 2890
 2912
 2936
 2956
 2968
 2980
 2988
 2998
 3012
 3028
 3040
 3048
 3054
 3058
 3056
 3056
 3054
 3050
 3044
 3030
 3014
 2998
 2980
 2960
 2938
 2912
 2882
 2860
 2840
 2814
 2786
 2756
 2722
 2690
 2658
 2622
 2590
 2554
 2518
 2480
 2444
 2406
 2372
 2338
 2300
 2264
 2230
 2200
 2168
 2128
 2086
 2048
 2006
 1962
 1920
 1880
 1842
 1806
 1774
 1742
 1714
 1692
 1674
 1662
 1660
 1666
 1684
 1708
 1732
 1762
 1794
 1830
 1866
 1904
 1950
 2000
 2048
 2100
 2150
 2200
 2248
 2302
 2350
 2394
 2436
 2482
 2532
 2582
 2626
 2664
 2700
 2732
 2762
 2790
 2818
 2842
 2870
 2894
 2916
 2932
 2946
 2962
 2976
 2986
 2994
 3008
 3024
 3036
 3046
 3050
 3054
 3056
 3058
 3056
 3052
 3046
 3036
 3024
 3012
 2996
 2980
 2962
 2938
 2914
 2890
 2870
 2848
 2824
 2794
 2764
 2732
 2700
 2668
 2634
 2604
 2572
 2540
 2506
 2470
 2436
 2404
 2370
 2334
 2302
 2274
 2244
 2210
 2176
 2138
 2102
 2064
 2024
 1986
 1952
 1920
 1894
 1876
 1864
 1864
 1878
 1900
 1922
 1950
 1986
 2030
 2078
 2126
 2172
 2220
 2264
 2306
 2350
 2392
 2434
 2472
 2508
 2542
 2576
 2612
 2648
 2680
 2708
 2738
 2774
 2810
 2842
 2868
 2890
 2908
 2922
 2934
 2948
 2962
 2972
 2982
 2990
 2996
 3002
 3006
 3006
 3002
 3000
 3002
 3008
 3004
 2998
 2986
 2976
 2960
 2940
 2924
 2904
 2882
 2858
 2830
 2802
 2774
 2744
 2712
 2680
 2646
 2616
 2586
 2552
 2514
 2474
 2434
 2394
 2352
 2310
 2268
 2226
 2184
 2146
 2104
 2066
 2032
 1994
 1952
 1912
 1878
 1846
 1808
 1770
 1730
 1694
 1658
 1622
 1588
 1556
 1526
 1502
 1486
 1474
 1472
 1476
 1486
 1498
 1518
 1550
 1588
 1626
 1668
 1710
 1754
 1798
 1844
 1890
 1934
 1984
 2032
 2076
 2122
 2170
 2220
 2268
 2312
 2356
 2400
 2454
 2506
 2552
 2592
 2630
 2666
 2698
 2726
 2752
 2778
 2804
 2828
 2848
 2866
 2884
 2896
 2908
 2916
 2924
 2936
 2948
 2960
 2966
 2970
 2976
 2978
 2978
 2980
 2980
 2980
 2976
 2968
 2960
 2950
 2942
 2930
 2914
 2894
 2878
 2864
 2842
 2814
 2784
 2754
 2722
 2692
 2660
 2628
 2592
 2558
 2522
 2486
 2450
 2416
 2384
 2346
 2310
 2276
 2244
 2210
 2176
 2138
 2098
 2058
 2016
 1972
 1930
 1886
 1846
 1806
 1762
 1718
 1678
 1636
 1590
 1552
 1514
 1476
 1438
 1402
 1368
 1338
 1306
 1274
 1250
 1236
 1228
 1222
 1216
 1216
 1228
 1244
 1260
 1282
 1312
 1352
 1392
 1432
 1470
 1514
 1560
 1604
 1646
 1690
 1736
 1784
 1834
 1880
 1926
 1970
 2016
 2062
 2098
 2136
 2178
 2230
 2278
 2320
 2362
 2402
 2440
 2474
 2510
 2542
 2572
 2600
 2626
 2650
 2676
 2702
 2728
 2752
 2774
 2796
 2822
 2852
 2880
 2900
 2916
 2930
 2938
 2946
 2956
 2964
 2974
 2980
 2986
 2990
 2994
 2996
 2996
 2990
 2984
 2980
 2978
 2970
 2958
 2940
 2922
 2902
 2880
 2854
 2830
 2806
 2782
 2756
 2728
 2698
 2670
 2642
 2610
 2578
 2552
 2524
 2496
 2466
 2434
 2402
 2368
 2334
 2302
 2266
 2232
 2198
 2162
 2124
 2086
 2054
 2022
 1988
 1958
 1930
 1908
 1890
 1868
 1854
 1850
 1854
 1868
 1886
 1914
 1942
 1972
 2002
 2036
 2068
 2104
 2138
 2166
 2194
 2232
 2274
 2314
 2356
 2394
 2432
 2468
 2498
 2532
 2566
 2596
 2624
 2650
 2676
 2696
 2722
 2746
 2766
 2784
 2800
 2824
 2850
 2870
 2884
 2896
 2902
 2910
 2916
 2922
 2924
 2924
 2922
 2918
 2910
 2898
 2886
 2870
 2850
 2828
 2810
 2788
 2764
 2736
 2706
 2674
 2640
 2604
 2566
 2532
 2496
 2460
 2420
 2380
 2340
 2302
 2266
 2228
 2188
 2152
 2120
 2086
 2050
 2010
 1970
 1930
 1886
 1844
 1802
 1764
 1728
 1694
 1666
 1636
 1612
 1598
 1590
 1588
 1598
 1616
 1642
 1676
 1708
 1744
 1782
 1820
 1860
 1904
 1950
 1998
 2048
 2100
 2150
 2198
 2242
 2292
 2340
 2386
 2428
 2472
 2522
 2566
 2606
 2642
 2676
 2706
 2740
 2770
 2800
 2826
 2852
 2878
 2898
 2918
 2940
 2956
 2968
 2976
 2984
 2996
 3010
 3022
 3028
 3036
 3042
 3046
 3048
 3052
 3054
 3058
 3062
 3066
 3068
 3072
 3074
 3076
 3070
 3064
 3060
 3062
 3064
 3062
 3054
 3046
 3032
 3018
 2998
 2978
 2958
 2938
 2912
 2886
 2860
 2830
 2800
 2774
 2748
 2716
 2688
 2662
 2636
 2608
 2578
 2544
 2510
 2476
 2438
 2402
 2366
 2328
 2290
 2252
 2214
 2178
 2138
 2102
 2062
 2024
 1986
 1950
 1914
 1870
 1828
 1782
 1740
 1698
 1656
 1620
 1586
 1558
 1536
 1522
 1514
 1510
 1510
 1518
 1530
 1546
 1574
 1606
 1640
 1678
 1714
 1752
 1786
 1822
 1860
 1896
 1934
 1974
 2016
 2062
 2110
 2154
 2202
 2248
 2294
 2342
 2394
 2446
 2494
 2540
 2578
 2612
 2648
 2678
 2710
 2738
 2764
 2790
 2814
 2838
 2860
 2882
 2904
 2920
 2930
 2942
 2960
 2978
 2992
 3002
 3010
 3018
 3026
 3032
 3032
 3036
 3040
 3040
 3044
 3042
 3044
 3046
 3044
 3038
 3028
 3024
 3022
 3012
 2998
 2978
 2958
 2934
 2910
 2884
 2856
 2828
 2800
 2768
 2740
 2710
 2684
 2654
 2622
 2588
 2560
 2534
 2506
 2476
 2446
 2414
 2382
 2350
 2318
 2284
 2252
 2216
 2182
 2146
 2110
 2078
 2044
 2008
 1974
 1946
 1920
 1894
 1866
 1842
 1818
 1804
 1790
 1780
 1776
 1776
 1784
 1798
 1816
 1838
 1868
 1902
 1932
 1968
 2010
 2058
 2108
 2156
 2198
 2236
 2274
 2312
 2348
 2384
 2422
 2458
 2494
 2528
 2560
 2594
 2628
 2660
 2686
 2716
 2748
 2784
 2814
 2840
 2860
 2882
 2900
 2914
 2926
 2940
 2954
 2966
 2978
 2988
 3000
 3010
 3016
 3020
 3022
 3032
 3042
 3050
 3052
 3052
 3054
 3056
 3056
 3056
 3056
 3056
 3054
 3048
 3040
 3028
 3018
 3004
 2982
 2958
 2940
 2924
 2904
 2878
 2848
 2818
 2788
 2756
 2726
 2700
 2674
 2644
 2616
 2588
 2558
 2528
 2504
 2476
 2444
 2420
 2396
 2370
 2342
 2314
 2284
 2248
 2216
 2182
 2146
 2108
 2072
 2034
 1998
 1962
 1930
 1900
 1868
 1834
 1802
 1776
 1750
 1724
 1694
 1666
 1646
 1628
 1612
 1604
 1600
 1604
 1610
 1622
 1638
 1660
 1688
 1720
 1748
 1778
 1812
 1852
 1896
 1938
 1982
 2024
 2066
 2108
 2150
 2196
 2240
 2284
 2326
 2370
 2412
 2452
 2488
 2524
 2556
 2584
 2618
 2656
 2694
 2724
 2756
 2784
 2806
 2826
 2846
 2866
 2882
 2892
 2904
 2916
 2930
 2942
 2950
 2964
 2968
 2974
 2982
 2994
 3006
 3012
 3014
 3012
 3010
 3006
 3000
 2998
 2992
 2986
 2978
 2970
 2958
 2944
 2930
 2914
 2894
 2870
 2850
 2832
 2814
 2790
 2768
 2742
 2716
 2688
 2658
 2626
 2596
 2564
 2532
 2496
 2460
 2424
 2390
 2358
 2324
 2288
 2254
 2222
 2188
 2150
 2106
 2062
 2008
 1956
 1904
 1852
 1802
 1752
 1704
 1656
 1610
 1564
 1524
 1478
 1432
 1390
 1352
 1324
 1294
 1262
 1236
 1216
 1212
 1210
 1214
 1222
 1238
 1258
 1280
 1310
 1342
 1378
 1422
 1462
 1502
 1546
 1592
 1646
 1694
 1740
 1788
 1836
 1878
 1922
 1966
 2010
 2054
 2096
 2136
 2176
 2214
 2250
 2288
 2324
 2358
 2390
 2430
 2472
 2512
 2546
 2576
 2608
 2640
 2668
 2696
 2722
 2748
 2776
 2798
 2820
 2840
 2862
 2886
 2904
 2920
 2936
 2954
 2970
 2984
 2994
 3002
 3010
 3014
 3018
 3022
 3028
 3030
 3030
 3032
 3032
 3034
 3034
 3030
 3026
 3022
 3020
 3024
 3020
 3012
 3002
 2992
 2976
 2958
 2936
 2916
 2892
 2866
 2838
 2806
 2778
 2750
 2724
 2698
 2668
 2636
 2610
 2584
 2554
 2520
 2484
 2450
 2412
 2372
 2332
 2292
 2250
 2210
 2168
 2126
 2084
 2048
 2012
 1970
 1932
 1898
 1866
 1834
 1798
 1764
 1728
 1694
 1658
 1624
 1594
 1570
 1546
 1524
 1514
 1508
 1512
 1524
 1534
 1552
 1580
 1612
 1646
 1684
 1722
 1760
 1800
 1832
 1864
 1902
 1944
 1986
 2030
 2072
 2118
 2162
 2206
 2248
 2286
 2326
 2368
 2416
 2464
 2502
 2536
 2570
 2602
 2632
 2662
 2690
 2720
 2746
 2772
 2798
 2820
 2840
 2864
 2884
 2898
 2904
 2920
 2940
 2956
 2968
 2976
 2986
 2994
 3000
 3010
 3014
 3018
 3024
 3030
 3032
 3034
 3036
 3036
 3036
 3034
 3032
 3034
 3036
 3034
 3026
 3014
 3002
 2988
 2972
 2954
 2936
 2916
 2898
 2876
 2856
 2830
 2806
 2780
 2752
 2724
 2702
 2682
 2660
 2632
 2604
 2576
 2548
 2514
 2484
 2452
 2418
 2386
 2350
 2318
 2282
 2246
 2212
 2178
 2142
 2110
 2082
 2054
 2022
 1988
 1952
 1914
 1874
 1836
 1798
 1762
 1728
 1694
 1658
 1622
 1588
 1560
 1536
 1514
 1496
 1486
 1486
 1490
 1498
 1510
 1528
 1554
 1580
 1610
 1638
 1668
 1704
 1738
 1774
 1812
 1852
 1894
 1938
 1978
 2020
 2066
 2118
 2168
 2216
 2256
 2296
 2334
 2372
 2408
 2442
 2476
 2512
 2546
 2576
 2608
 2640
 2672
 2702
 2726
 2748
 2774
 2808
 2838
 2862
 2882
 2900
 2914
 2928
 2942
 2956
 2966
 2974
 2982
 2992
 3000
 3008
 3014
 3018
 3024
 3026
 3032
 3036
 3042
 3042
 3040
 3038
 3034
 3026
 3018
 3010
 3000
 2984
 2968
 2950
 2932
 2912
 2892
 2870
 2846
 2820
 2802
 2780
 2754
 2728
 2698
 2668
 2640
 2610
 2580
 2550
 2520
 2490
 2460
 2428
 2400
 2372
 2344
 2314
 2288
 2262
 2236
 2204
 2172
 2140
 2110
 2078
 2042
 2006
 1970
 1934
 1898
 1862
 1824
 1792
 1760
 1730
 1698
 1670
 1646
 1626
 1602
 1584
 1568
 1554
 1542
 1536
 1538
 1544
 1552
 1564
 1582
 1606
 1636
 1670
 1702
 1732
 1770
 1814
 1862
 1906
 1952
 1996
 2034
 2076
 2114
 2154
 2194
 2234
 2274
 2312
 2350
 2386
 2422
 2458
 2492
 2520
 2552
 2586
 2624
 2658
 2686
 2714
 2742
 2766
 2788
 2812
 2834
 2854
 2872
 2892
 2906
 2916
 2930
 2944
 2950
 2958
 2966
 2978
 2988
 2996
 3002
 3004
 3006
 3008
 3010
 3010
 3010
 3008
 3006
 3002
 2998
 2992
 2986
 2974
 2964
 2950
 2938
 2926
 2912
 2892
 2870
 2848
 2822
 2798
 2774
 2752
 2732
 2708
 2682
 2654
 2628
 2604
 2576
 2548
 2522
 2498
 2474
 2450
 2418
 2386
 2354
 2318
 2284
 2248
 2216
 2182
 2148
 2114
 2080
 2050
 2028
 2006
 1984
 1974
 1974
 1984
 2002
 2020
 2040
 2066
 2092
 2122
 2154
 2186
 2220
 2254
 2290
 2324
 2360
 2396
 2430
 2464
 2498
 2534
 2574
 2616
 2654
 2690
 2724
 2756
 2786
 2812
 2836
 2862
 2886
 2904
 2916
 2930
 2944
 2956
 2968
 2974
 2982
 2990
 3004
 3018
 3022
 3026
 3030
 3032
 3032
 3028
 3024
 3020
 3012
 3006
 2992
 2982
 2966
 2954
 2936
 2914
 2892
 2872
 2856
 2834
 2808
 2780
 2750
 2722
 2692
 2666
 2640
 2610
 2578
 2550
 2520
 2490
 2460
 2432
 2402
 2370
 2344
 2318
 2290
 2260
 2230
 2198
 2168
 2132
 2100
 2068
 2040
 2016
 1996
 1980
 1974
 1976
 1988
 2010
 2038
 2074
 2114
 2160
 2208
 2252
 2296
 2340
 2382
 2420
 2456
 2494
 2528
 2562
 2594
 2624
 2656
 2688
 2718
 2746
 2772
 2792
 2818
 2848
 2880
 2902
 2916
 2930
 2944
 2954
 2964
 2974
 2980
 2988
 2994
 3000
 3002
 3004
 3006
 3008
 3006
 3000
 2998
 2996
 2992
 2982
 2964
 2948
 2930
 2910
 2892
 2872
 2852
 2832
 2810
 2790
 2766
 2744
 2720
 2698
 2672
 2650
 2632
 2614
 2592
 2566
 2540
 2512
 2484
 2454
 2426
 2396
 2366
 2334
 2304
 2274
 2242
 2212
 2186
 2154
 2128
 2106
 2084
 2066
 2050
 2038
 2038
 2042
 2050
 2064
 2084
 2114
 2148
 2184
 2220
 2260
 2306
 2354
 2396
 2436
 2472
 2518
 2564
 2606
 2646
 2682
 2714
 2744
 2772
 2800
 2826
 2852
 2872
 2892
 2910
 2924
 2934
 2944
 2952
 2960
 2966
 2980
 2994
 3006
 3014
 3020
 3024
 3026
 3028
 3032
 3034
 3034
 3034
 3034
 3030
 3028
 3018
 3010
 2998
 2986
 2976
 2964
 2948
 2930
 2912
 2890
 2866
 2840
 2816
 2792
 2768
 2746
 2724
 2698
 2674
 2648
 2624
 2596
 2568
 2546
 2524
 2500
 2474
 2446
 2416
 2386
 2352
 2320
 2288
 2256
 2224
 2188
 2154
 2120
 2090
 2060
 2028
 1996
 1970
 1944
 1920
 1892
 1868
 1844
 1820
 1796
 1780
 1766
 1760
 1760
 1764
 1776
 1794
 1820
 1844
 1870
 1904
 1944
 1988
 2030
 2074
 2116
 2154
 2194
 2232
 2270
 2308
 2346
 2382
 2420
 2456
 2492
 2526
 2558
 2586
 2614
 2650
 2686
 2720
 2746
 2768
 2792
 2814
 2834
 2854
 2874
 2894
 2914
 2928
 2942
 2956
 2964
 2970
 2974
 2978
 2988
 2998
 3004
 3006
 3006
 3006
 3000
 2996
 2988
 2982
 2970
 2956
 2940
 2922
 2904
 2884
 2864
 2840
 2816
 2798
 2780
 2764
 2742
 2720
 2694
 2668
 2642
 2614
 2586
 2558
 2532
 2500
 2470
 2438
 2410
 2382
 2352
 2322
 2294
 2268
 2242
 2214
 2182
 2154
 2124
 2094
 2062
 2030
 2000
 1968
 1934
 1902
 1870
 1840
 1814
 1792
 1768
 1750
 1736
 1728
 1726
 1728
 1734
 1744
 1760
 1778
 1804
 1836
 1870
 1904
 1942
 1982
 2020
 2064
 2108
 2150
 2188
 2224
 2266
 2314
 2362
 2408
 2450
 2490
 2524
 2560
 2594
 2626
 2656
 2684
 2712
 2740
 2768
 2792
 2816
 2840
 2860
 2878
 2896
 2922
 2942
 2954
 2962
 2974
 2984
 2992
 2998
 3004
 3012
 3018
 3022
 3026
 3028
 3032
 3036
 3038
 3038
 3036
 3038
 3042
 3044
 3038
 3030
 3022
 3010
 2998
 2982
 2968
 2952
 2934
 2916
 2892
 2870
 2850
 2828
 2808
 2784
 2760
 2740
 2722
 2700
 2676
 2648
 2622
 2590
 2558
 2526
 2492
 2458
 2424
 2386
 2350
 2310
 2272
 2236
 2194
 2152
 2116
 2082
 2048
 2008
 1970
 1932
 1890
 1844
 1798
 1752
 1708
 1660
 1608
 1556
 1506
 1460
 1418
 1378
 1334
 1292
 1254
 1216
 1172
 1124
 1078
 1032
 986
 938
 888
 840
 790
 738
 684
 630
 578
 524
 468
 404
 346
 296
 238
 176
 112
 44
 0
 0
 0
 0
 0
 0
 0
 0
 0
 0
 0
 0
 0
 0
 0
 0
 0
 0
 0
 0
 0
 0
 0
 0
 0
 0
 0
 0
 34
 106
 186
 268
 346
 416
 490
 564
 646
 732
 802
 866
 938
 1006
 1066
 1120
 1174
 1228
 1286
 1340
 1390
 1438
 1486
 1538
 1592
 1646
 1694
 1738
 1788
 1840
 1894
 1942
 1984
 2028
 2070
 2110
 2154
 2198
 2238
 2278
 2316
 2354
 2394
 2432
 2472
 2506
 2540
 2568
 2598
 2634
 2668
 2696
 2720
 2742
 2762
 2784
 2802
 2816
 2832
 2844
 2860
 2874
 2888
 2902
 2914
 2924
 2930
 2932
 2940
 2952
 2960
 2966
 2968
 2970
 2972
 2974
 2978
 2978
 2980
 2980
 2982
 2982
 2978
 2978
 2980
 2978
 2976
 2976
 2982
 2986
 2990
 2990
 2986
 2984
 2982
 2978
 2972
 2962
 2952
 2936
 2920
 2900
 2876
 2856
 2834
 2808
 2780
 2760
 2740
 2716
 2690
 2662
 2634
 2606
 2576
 2548
 2520
 2490
 2458
 2426
 2390
 2358
 2328
 2298
 2264
 2232
 2204
 2178
 2146
 2116
 2082
 2048
 2010
 1970
 1930
 1894
 1860
 1824
 1790
 1758
 1734
 1724
 1724
 1726
 1732
 1750
 1778
 1812
 1846
 1880
 1914
 1948
 1984
 2022
 2060
 2098
 2134
 2172
 2212
 2250
 2290
 2332
 2370
 2408
 2448
 2486
 2526
 2562
 2598
 2630
 2660
 2688
 2718
 2744
 2768
 2788
 2808
 2828
 2844
 2860
 2874
 2884
 2886
 2890
 2900
 2914
 2926
 2930
 2932
 2936
 2938
 2940
 2938
 2938
 2938
 2936
 2932
 2922
 2914
 2904
 2892
 2876
 2858
 2842
 2828
 2812
 2792
 2772
 2750
 2728
 2704
 2678
 2654
 2628
 2602
 2574
 2548
 2522
 2496
 2472
 2444
 2418
 2394
 2374
 2352
 2324
 2294
 2262
 2232
 2202
 2172
 2144
 2114
 2092
 2072
 2060
 2054
 2058
 2068
 2084
 2106
 2136
 2180
 2228
 2268
 2306
 2344
 2384
 2422
 2458
 2492
 2524
 2556
 2588
 2620
 2648
 2678
 2708
 2734
 2760
 2780
 2804
 2832
 2860
 2884
 2902
 2916
 2922
 2930
 2938
 2944
 2950
 2954
 2958
 2960
 2964
 2968
 2972
 2972
 2972
 2970
 2972
 2974
 2972
 2966
 2960
 2950
 2938
 2922
 2906
 2890
 2870
 2848
 2826
 2800
 2776
 2752
 2730
 2708
 2682
 2652
 2632
 2612
 2590
 2564
 2536
 2508
 2478
 2446
 2414
 2384
 2354
 2324
 2294
 2266
 2236
 2208
 2182
 2156
 2128
 2100
 2080
 2058
 2036
 2016
 1994
 1972
 1954
 1936
 1926
 1924
 1928
 1940
 1958
 1986
 2020
 2060
 2104
 2146
 2186
 2230
 2276
 2332
 2382
 2424
 2464
 2500
 2534
 2568
 2600
 2630
 2658
 2688
 2716
 2744
 2770
 2794
 2820
 2842
 2860
 2878
 2896
 2910
 2924
 2936
 2944
 2952
 2958
 2962
 2964
 2966
 2966
 2962
 2952
 2940
 2924
 2900
 2872
 2844
 2812
 2776
 2746
 2720
 2690
 2656
 2620
 2580
 2534
 2488
 2446
 2404
 2360
 2316
 2276
 2236
 2202
 2168
 2142
 2118
 2098
 2088
 2086
 2092
 2100
 2106
 2112
 2112
 2114
 2114
 2116
 2118
 2122
 2124
 2126
 2130
 2138
 2146
 2154
 2158
 2162
 2172
 2188
 2206
 2218
 2232
 2244
 2254
 2260
 2266
 2270
 2272
 2272
 2272
 2268
 2262
 2258
 2254
 2242
 2230
 2224
 2242
 2268
 2300
 2336
 2386
 2442
 2498
 2548
 2596
 2636
 2676
 2714
 2748
 2782
 2814
 2840
 2860
 2878
 2898
 2920
 2938
 2948
 2948
 2950
 2948
 2944
 2934
 2918
 2900
 2880
 2858
 2834
 2808
 2774
 2738
 2700
 2662
 2624
 2580
 2534
 2488
 2440
 2390
 2338
 2288
 2238
 2184
 2132
 2078
 2028
 1976
 1922
 1866
 1814
 1764
 1716
 1668
 1616
 1568
 1522
 1482
 1444
 1412
 1380
 1354
 1336
 1328
 1330
 1340
 1354
 1366
 1388
 1418
 1452
 1488
 1528
 1568
 1616
 1658
 1702
 1756
 1804
 1854
 1902
 1954
 2006
 2060
 2116
 2170
 2214
 2260
 2310
 2366
 2416
 2456
 2494
 2532
 2568
 2602
 2634
 2664
 2692
 2720
 2748
 2774
 2798
 2824
 2848
 2866
 2886
 2906
 2928
 2940
 2950
 2958
 2968
 2978
 2984
 2990
 2996
 3002
 3008
 3010
 3010
 3010
 3012
 3008
 3002
 2990
 2980
 2976
 2960
 2936
 2908
 2880
 2850
 2818
 2784
 2750
 2716
 2680
 2640
 2602
 2564
 2524
 2490
 2450
 2408
 2372
 2338
 2302
 2264
 2222
 2184
 2144
 2100
 2056
 2012
 1970
 1926
 1884
 1842
 1796
 1754
 1720
 1682
 1650
 1628
 1616
 1604
 1592
 1586
 1588
 1600
 1612
 1628
 1652
 1680
 1712
 1744
 1780
 1818
 1858
 1902
 1946
 1986
 2026
 2074
 2126
 2180
 2232
 2278
 2328
 2376
 2420
 2460
 2498
 2536
 2574
 2606
 2634
 2660
 2688
 2718
 2746
 2770
 2794
 2822
 2856
 2886
 2910
 2928
 2938
 2948
 2962
 2972
 2982
 2986
 2990
 2992
 2992
 2988
 2976
 2966
 2948
 2926
 2908
 2892
 2872
 2850
 2822
 2792
 2758
 2720
 2684
 2644
 2608
 2574
 2536
 2498
 2458
 2422
 2386
 2348
 2308
 2270
 2238
 2204
 2166
 2126
 2086
 2044
 2000
 1956
 1912
 1868
 1828
 1786
 1746
 1710
 1676
 1652
 1628
 1610
 1598
 1598
 1606
 1624
 1644
 1670
 1698
 1732
 1770
 1808
 1850
 1894
 1938
 1988
 2034
 2080
 2126
 2178
 2228
 2274
 2320
 2368
 2422
 2476
 2520
 2560
 2600
 2636
 2672
 2702
 2730
 2760
 2786
 2812
 2834
 2854
 2876
 2896
 2904
 2910
 2924
 2940
 2958
 2968
 2976
 2984
 2992
 2998
 3000
 3002
 3004
 3006
 3008
 3008
 3004
 3002
 2998
 2990
 2974
 2958
 2944
 2932
 2916
 2890
 2862
 2834
 2804
 2774
 2748
 2720
 2692
 2660
 2626
 2588
 2552
 2516
 2482
 2444
 2406
 2370
 2340
 2312
 2278
 2244
 2210
 2174
 2138
 2100
 2060
 2022
 1982
 1944
 1908
 1870
 1832
 1800
 1766
 1732
 1702
 1674
 1654
 1636
 1626
 1624
 1626
 1634
 1644
 1660
 1682
 1710
 1740
 1772
 1810
 1854
 1896
 1940
 1986
 2028
 2072
 2120
 2174
 2224
 2270
 2314
 2356
 2396
 2432
 2468
 2504
 2540
 2572
 2604
 2636
 2668
 2698
 2728
 2756
 2778
 2800
 2826
 2858
 2886
 2906
 2920
 2934
 2946
 2956
 2968
 2976
 2984
 2992
 3000
 3004
 3004
 3002
 3000
 2996
 2986
 2974
 2962
 2954
 2942
 2924
 2902
 2880
 2856
 2832
 2806
 2778
 2752
 2720
 2692
 2660
 2630
 2602
 2572
 2542
 2508
 2480
 2456
 2432
 2402
 2370
 2338
 2304
 2268
 2232
 2198
 2162
 2128
 2094
 2058
 2024
 1988
 1952
 1920
 1888
 1860
 1840
 1830
 1824
 1824
 1832
 1850
 1874
 1900
 1928
 1966
 2010
 2052
 2092
 2134
 2176
 2220
 2264
 2308
 2348
 2388
 2432
 2482
 2526
 2568
 2602
 2636
 2666
 2694
 2720
 2748
 2772
 2794
 2818
 2840
 2860
 2880
 2900
 2916
 2930
 2940
 2952
 2968
 2982
 2990
 2998
 3002
 3006
 3008
 3010
 3010
 3006
 3000
 2996
 2988
 2978
 2966
 2954
 2940
 2922
 2904
 2886
 2868
 2848
 2824
 2798
 2768
 2738
 2708
 2676
 2642
 2614
 2584
 2552
 2518
 2486
 2454
 2426
 2394
 2360
 2330
 2304
 2276
 2244
 2212
 2180
 2144
 2106
 2068
 2032
 1994
 1960
 1926
 1892
 1866
 1848
 1842
 1840
 1848
 1862
 1888
 1922
 1960
 2000
 2040
 2082
 2120
 2160
 2198
 2234
 2274
 2316
 2360
 2404
 2442
 2484
 2526
 2562
 2594
 2624
 2662
 2702
 2740
 2774
 2804
 2832
 2856
 2876
 2900
 2918
 2936
 2948
 2958
 2972
 2984
 2996
 3004
 3012
 3016
 3022
 3030
 3042
 3050
 3054
 3056
 3056
 3054
 3048
 3044
 3038
 3034
 3024
 3012
 3000
 2988
 2972
 2954
 2934
 2912
 2894
 2880
 2864
 2842
 2818
 2794
 2768
 2742
 2716
 2688
 2658
 2630
 2602
 2572
 2542
 2512
 2484
 2452
 2418
 2384
 2358
 2334
 2308
 2280
 2250
 2218
 2184
 2148
 2112
 2078
 2040
 2006
 1970
 1934
 1896
 1864
 1832
 1802
 1768
 1744
 1730
 1722
 1718
 1720
 1730
 1748
 1770
 1794
 1822
 1858
 1892
 1932
 1974
 2016
 2058
 2102
 2150
 2194
 2238
 2286
 2338
 2394
 2444
 2490
 2528
 2566
 2602
 2638
 2672
 2702
 2732
 2760
 2788
 2812
 2836
 2858
 2878
 2896
 2910
 2928
 2948
 2968
 2976
 2982
 2990
 2994
 2998
 2998
 3000
 3000
 2998
 2994
 2984
 2974
 2962
 2950
 2934
 2914
 2892
 2874
 2858
 2840
 2814
 2788
 2760
 2730
 2700
 2672
 2644
 2612
 2582
 2550
 2518
 2486
 2460
 2434
 2404
 2372
 2342
 2322
 2298
 2272
 2244
 2216
 2186
 2156
 2126
 2094
 2060
 2028
 1992
 1958
 1926
 1896
 1872
 1854
 1842
 1842
 1850
 1868
 1894
 1926
 1964
 2004
 2046
 2084
 2126
 2170
 2214
 2254
 2294
 2334
 2380
 2424
 2466
 2506
 2542
 2578
 2622
 2666
 2708
 2742
 2772
 2798
 2824
 2848
 2870
 2894
 2916
 2936
 2956
 2972
 2982
 2992
 3002
 3010
 3014
 3018
 3026
 3038
 3044
 3048
 3046
 3044
 3042
 3036
 3034
 3026
 3020
 3010
 2998
 2982
 2962
 2942
 2924
 2900
 2874
 2854
 2834
 2816
 2792
 2766
 2740
 2714
 2686
 2658
 2628
 2600
 2570
 2540
 2510
 2480
 2454
 2426
 2396
 2364
 2338
 2314
 2292
 2266
 2238
 2208
 2176
 2142
 2110
 2078
 2050
 2020
 1998
 1980
 1968
 1970
 1976
 1992
 2016
 2048
 2092
 2144
 2194
 2240
 2286
 2330
 2374
 2416
 2458
 2500
 2542
 2582
 2620
 2656
 2690
 2728
 2766
 2800
 2828
 2856
 2890
 2924
 2950
 2972
 2994
 3008
 3018
 3028
 3038
 3048
 3056
 3060
 3066
 3072
 3078
 3084
 3086
 3086
 3088
 3096
 3104
 3108
 3106
 3106
 3104
 3100
 3094
 3090
 3082
 3078
 3066
 3052
 3034
 3016
 3000
 2982
 2960
 2936
 2918
 2902
 2882
 2854
 2828
 2802
 2774
 2750
 2726
 2702
 2678
 2650
 2626
 2600
 2576
 2552
 2530
 2506
 2480
 2456
 2438
 2418
 2398
 2374
 2348
 2322
 2300
 2278
 2258
 2244
 2234
 2228
 2228
 2234
 2246
 2266
 2286
 2308
 2332
 2364
 2404
 2442
 2476
 2508
 2538
 2568
 2592
 2620
 2650
 2678
 2704
 2728
 2754
 2774
 2798
 2820
 2840
 2858
 2874
 2892
 2914
 2936
 2948
 2954
 2958
 2964
 2966
 2968
 2970
 2972
 2972
 2974
 2974
 2968
 2964
 2962
 2958
 2950
 2936
 2926
 2920
 2914
 2900
 2886
 2868
 2848
 2828
 2806
 2780
 2758
 2734
 2710
 2686
 2666
 2644
 2622
 2600
 2574
 2548
 2520
 2498
 2474
 2444
 2412
 2378
 2346
 2314
 2278
 2242
 2208
 2172
 2134
 2098
 2060
 2020
 1984
 1950
 1914
 1882
 1854
 1834
 1816
 1804
 1798
 1796
 1802
 1812
 1828
 1852
 1882
 1914
 1948
 1986
 2028
 2072
 2116
 2162
 2208
 2254
 2302
 2354
 2408
 2456
 2500
 2542
 2580
 2616
 2648
 2678
 2710
 2738
 2766
 2794
 2824
 2852
 2880
 2904
 2924
 2936
 2946
 2964
 2984
 3002
 3008
 3018
 3026
 3034
 3040
 3046
 3052
 3056
 3060
 3062
 3064
 3062
 3062
 3062
 3058
 3050
 3044
 3040
 3038
 3030
 3016
 3000
 2982
 2960
 2936
 2908
 2880
 2848
 2818
 2786
 2752
 2720
 2688
 2658
 2624
 2590
 2560
 2534
 2506
 2474
 2440
 2406
 2370
 2334
 2298
 2262
 2226
 2192
 2158
 2122
 2086
 2050
 2020
 1986
 1948
 1910
 1878
 1850
 1818
 1786
 1754
 1724
 1694
 1670
 1650
 1640
 1642
 1648
 1664
 1688
 1722
 1762
 1806
 1850
 1896
 1946
 2004
 2064
 2118
 2172
 2222
 2272
 2320
 2366
 2414
 2460
 2502
 2546
 2586
 2624
 2660
 2698
 2734
 2766
 2792
 2820
 2852
 2886
 2914
 2936
 2952
 2966
 2978
 2986
 2994
 3000
 3006
 3014
 3020
 3024
 3028
 3034
 3036
 3038
 3036
 3034
 3038
 3042
 3044
 3040
 3032
 3026
 3014
 3004
 2990
 2976
 2958
 2942
 2924
 2906
 2886
 2866
 2844
 2820
 2796
 2774
 2756
 2734
 2710
 2684
 2658
 2630
 2600
 2568
 2536
 2506
 2474
 2440
 2404
 2368
 2332
 2298
 2262
 2226
 2192
 2158
 2126
 2092
 2054
 2014
 1974
 1934
 1894
 1854
 1818
 1786
 1752
 1718
 1686
 1656
 1632
 1610
 1590
 1572
 1570
 1582
 1602
 1624
 1650
 1682
 1718
 1758
 1800
 1842
 1884
 1932
 1980
 2030
 2078
 2128
 2180
 2228
 2272
 2312
 2358
 2414
 2468
 2512
 2552
 2590
 2630
 2666
 2702
 2734
 2764
 2794
 2820
 2846
 2870
 2890
 2908
 2920
 2932
 2942
 2956
 2972
 2984
 2992
 3000
 3006
 3010
 3016
 3020
 3024
 3026
 3024
 3024
 3024
 3024
 3024
 3020
 3012
 3004
 2998
 2992
 2982
 2966
 2946
 2924
 2898
 2870
 2840
 2814
 2786
 2756
 2730
 2700
 2672
 2642
 2614
 2586
 2554
 2528
 2504
 2480
 2456
 2426
 2394
 2360
 2326
 2292
 2256
 2224
 2190
 2158
 2122
 2088
 2056
 2026
 2000
 1970
 1942
 1916
 1898
 1876
 1852
 1830
 1806
 1782
 1756
 1734
 1710
 1686
 1664
 1646
 1636
 1634
 1638
 1652
 1672
 1698
 1732
 1774
 1822
 1870
 1922
 1972
 2022
 2072
 2120
 2172
 2224
 2276
 2324
 2372
 2420
 2464
 2506
 2544
 2580
 2614
 2650
 2692
 2732
 2766
 2796
 2824
 2850
 2872
 2890
 2906
 2920
 2930
 2944
 2954
 2962
 2970
 2980
 2988
 2990
 2992
 3002
 3014
 3024
 3028
 3028
 3030
 3032
 3034
 3036
 3036
 3038
 3036
 3038
 3036
 3032
 3030
 3026
 3020
 3012
 3004
 3000
 2992
 2978
 2960
 2938
 2916
 2890
 2864
 2838
 2810
 2782
 2754
 2724
 2694
 2668
 2642
 2614
 2584
 2556
 2534
 2512
 2484
 2456
 2424
 2392
 2358
 2324
 2290
 2258
 2224
 2190
 2156
 2120
 2086
 2056
 2024
 1986
 1954
 1930
 1908
 1882
 1854
 1828
 1804
 1786
 1768
 1756
 1750
 1752
 1762
 1780
 1804
 1840
 1886
 1936
 1980
 2030
 2082
 2140
 2194
 2240
 2282
 2322
 2362
 2402
 2442
 2476
 2512
 2548
 2582
 2616
 2650
 2682
 2712
 2740
 2762
 2786
 2814
 2844
 2868
 2890
 2910
 2928
 2940
 2948
 2956
 2966
 2972
 2980
 2984
 2988
 2996
 3002
 3006
 3004
 3004
 3012
 3020
 3022
 3020
 3014
 3012
 3006
 2996
 2988
 2978
 2966
 2956
 2942
 2922
 2904
 2888
 2870
 2848
 2824
 2806
 2788
 2766
 2742
 2714
 2690
 2662
 2632
 2604
 2576
 2548
 2518
 2486
 2458
 2426
 2400
 2370
 2338
 2308
 2284
 2262
 2234
 2204
 2174
 2144
 2112
 2078
 2052
 2026
 2006
 1986
 1974
 1966
 1968
 1976
 1992
 2008
 2030
 2060
 2100
 2142
 2182
 2222
 2258
 2294
 2330
 2362
 2398
 2434
 2470
 2504
 2534
 2566
 2596
 2626
 2656
 2684
 2706
 2736
 2768
 2796
 2818
 2836
 2854
 2872
 2886
 2900
 2912
 2920
 2924
 2928
 2932
 2936
 2940
 2944
 2946
 2944
 2944
 2948
 2948
 2940
 2930
 2918
 2904
 2888
 2870
 2852
 2836
 2816
 2792
 2768
 2744
 2718
 2694
 2672
 2646
 2620
 2598
 2580
 2556
 2530
 2502
 2470
 2442
 2412
 2378
 2344
 2310
 2276
 2240
 2206
 2172
 2140
 2114
 2082
 2050
 2022
 2000
 1978
 1952
 1926
 1904
 1886
 1874
 1870
 1876
 1890
 1906
 1930
 1960
 1996
 2036
 2080
 2122
 2164
 2208
 2258
 2310
 2362
 2410
 2452
 2494
 2530
 2564
 2596
 2630
 2662
 2692
 2720
 2748
 2774
 2800
 2822
 2842
 2860
 2878
 2904
 2928
 2946
 2954
 2962
 2970
 2978
 2982
 2986
 2990
 2992
 2996
 2996
 2992
 2988
 2984
 2976
 2966
 2950
 2940
 2928
 2916
 2894
 2868
 2842
 2814
 2786
 2758
 2734
 2710
 2682
 2654
 2626
 2598
 2572
 2546
 2518
 2488
 2464
 2442
 2418
 2388
 2356
 2324
 2290
 2256
 2224
 2192
 2158
 2126
 2094
 2060
 2030
 2002
 1976
 1944
 1916
 1892
 1874
 1860
 1848
 1842
 1844
 1856
 1874
 1898
 1926
 1962
 2000
 2042
 2084
 2126
 2174
 2224
 2270
 2312
 2352
 2400
 2452
 2502
 2544
 2582
 2618
 2652
 2684
 2716
 2744
 2774
 2802
 2828
 2852
 2874
 2894
 2908
 2916
 2922
 2932
 2946
 2960
 2968
 2974
 2976
 2976
 2972
 2966
 2964
 2954
 2944
 2930
 2914
 2896
 2880
 2860
 2832
 2804
 2780
 2762
 2740
 2718
 2690
 2662
 2632
 2600
 2568
 2534
 2498
 2464
 2430
 2396
 2362
 2328
 2296
 2262
 2226
 2190
 2162
 2132
 2102
 2070
 2036
 2002
 1968
 1934
 1900
 1866
 1834
 1802
 1772
 1746
 1722
 1702
 1684
 1670
 1668
 1678
 1696
 1718
 1748
 1786
 1826
 1864
 1902
 1944
 1994
 2042
 2096
 2146
 2192
 2240
 2288
 2336
 2382
 2424
 2468
 2518
 2568
 2610
 2648
 2680
 2712
 2742
 2770
 2796
 2822
 2846
 2868
 2888
 2908
 2920
 2934
 2946
 2952
 2958
 2966
 2980
 2990
 2998
 3004
 3008
 3014
 3016
 3020
 3020
 3020
 3018
 3018
 3016
 3014
 3010
 3004
 2992
 2976
 2958
 2940
 2920
 2898
 2870
 2838
 2806
 2772
 2738
 2706
 2676
 2642
 2610
 2576
 2542
 2510
 2480
 2444
 2408
 2378
 2348
 2318
 2284
 2248
 2210
 2174
 2134
 2094
 2060
 2024
 1988
 1950
 1912
 1878
 1848
 1820
 1792
 1764
 1750
 1744
 1746
 1754
 1772
 1792
 1816
 1844
 1876
 1910
 1948
 1988
 2028
 2070
 2112
 2156
 2202
 2242
 2286
 2336
 2390
 2440
 2484
 2522
 2558
 2590
 2624
 2654
 2686
 2716
 2746
 2774
 2802
 2830
 2858
 2882
 2902
 2914
 2926
 2946
 2964
 2978
 2984
 2988
 2994
 2996
 2998
 3000
 3000
 2998
 2996
 2992
 2982
 2972
 2960
 2944
 2926
 2908
 2892
 2876
 2854
 2832
 2806
 2776
 2746
 2714
 2684
 2656
 2628
 2598
 2566
 2534
 2502
 2472
 2440
 2404
 2370
 2340
 2308
 2272
 2234
 2192
 2150
 2106
 2060
 2016
 1972
 1930
 1888
 1848
 1808
 1768
 1734
 1700
 1664
 1634
 1610
 1588
 1572
 1560
 1554
 1556
 1566
 1582
 1606
 1634
 1664
 1702
 1742
 1786
 1836
 1892
 1942
 1988
 2036
 2090
 2150
 2208
 2262
 2306
 2350
 2394
 2436
 2478
 2518
 2558
 2596
 2632
 2668
 2700
 2732
 2760
 2784
 2806
 2830
 2858
 2882
 2900
 2910
 2920
 2930
 2936
 2944
 2948
 2952
 2954
 2958
 2960
 2960
 2958
 2954
 2948
 2936
 2918
 2910
 2898
 2880
 2858
 2832
 2808
 2778
 2748
 2718
 2686
 2656
 2622
 2586
 2548
 2514
 2482
 2444
 2402
 2366
 2332
 2300
 2266
 2228
 2190
 2148
 2106
 2068
 2030
 1990
 1950
 1910
 1870
 1832
 1800
 1772
 1742
 1712
 1690
 1678
 1672
 1674
 1682
 1696
 1716
 1744
 1770
 1802
 1836
 1876
 1918
 1960
 2002
 2048
 2096
 2142
 2184
 2230
 2282
 2340
 2394
 2440
 2482
 2520
 2556
 2590
 2624
 2658
 2690
 2720
 2748
 2774
 2800
 2828
 2850
 2868
 2884
 2908
 2930
 2946
 2950
 2952
 2954
 2954
 2952
 2948
 2942
 2930
 2918
 2906
 2886
 2864
 2842
 2816
 2786
 2760
 2736
 2714
 2684
 2654
 2622
 2588
 2552
 2514
 2478
 2440
 2404
 2364
 2326
 2286
 2248
 2212
 2172
 2132
 2096
 2064
 2028
 1992
 1950
 1910
 1866
 1824
 1780
 1742
 1710
 1680
 1654
 1632
 1620
 1620
 1626
 1640
 1660
 1692
 1730
 1772
 1812
 1854
 1896
 1938
 1980
 2022
 2064
 2106
 2150
 2194
 2238
 2282
 2330
 2370
 2412
 2450
 2498
 2546
 2588
 2622
 2654
 2684
 2710
 2738
 2764
 2788
 2810
 2830
 2852
 2874
 2892
 2908
 2920
 2926
 2926
 2930
 2940
 2942
 2938
 2930
 2918
 2904
 2886
 2866
 2844
 2818
 2796
 2766
 2738
 2714
 2688
 2658
 2626
 2592
 2566
 2540
 2512
 2476
 2442
 2406
 2368
 2328
 2288
 2248
 2206
 2166
 2124
 2086
 2048
 2012
 1976
 1938
 1904
 1878
 1860
 1840
 1828
 1822
 1824
 1834
 1846
 1866
 1890
 1916
 1948
 1982
 2020
 2060
 2098
 2136
 2170
 2210
 2258
 2314
 2372
 2420
 2462
 2500
 2538
 2574
 2608
 2638
 2668
 2700
 2730
 2758
 2786
 2814
 2838
 2860
 2878
 2902
 2928
 2948
 2956
 2964
 2968
 2972
 2972
 2970
 2966
 2960
 2950
 2940
 2924
 2910
 2894
 2876
 2846
 2814
 2790
 2768
 2742
 2714
 2682
 2652
 2620
 2586
 2550
 2514
 2476
 2438
 2400
 2360
 2322
 2282
 2238
 2196
 2158
 2122
 2086
 2046
 2004
 1960
 1920
 1874
 1830
 1788
 1750
 1712
 1678
 1642
 1606
 1572
 1540
 1508
 1480
 1456
 1436
 1420
 1404
 1394
 1392
 1398
 1410
 1432
 1458
 1488
 1526
 1568
 1612
 1662
 1712
 1762
 1818
 1880
 1946
 2008
 2068
 2124
 2176
 2224
 2270
 2318
 2368
 2416
 2464
 2506
 2548
 2590
 2632
 2668
 2698
 2730
 2770
 2808
 2840
 2866
 2886
 2900
 2914
 2930
 2946
 2960
 2972
 2982
 2990
 3000
 3008
 3012
 3010
 3010
 3014
 3020
 3014
 3004
 2992
 2978
 2960
 2938
 2914
 2890
 2868
 2844
 2816
 2788
 2762
 2736
 2706
 2674
 2646
 2624
 2598
 2566
 2532
 2496
 2458
 2418
 2374
 2330
 2286
 2240
 2194
 2146
 2096
 2052
 2006
 1956
 1908
 1860
 1814
 1762
 1710
 1658
 1608
 1554
 1502
 1448
 1396
 1348
 1298
 1248
 1196
 1144
 1100
 1052
 1000
 948
 896
 848
 794
 738
 680
 624
 572
 514
 450
 388
 326
 266
 202
 136
 72
 10
 0
 0
 0
 0
 0
 0
 0
 0
 0
 0
 0
 0
 0
 0
 0
 0
 0
 0
 0
 0
 0
 0
 0
 0
 56
 174
 274
 360
 440
 514
 586
 660
 730
 798
 864
 938
 1022
 1112
 1188
 1260
 1346
 1452
 1556
 1644
 1714
 1774
 1824
 1862
 1888
 1906
 1916
 1918
 1918
 1918
 1920
 1930
 1938
 1942
 1942
 1944
 1950
 1958
 1966
 1976
 1984
 1990
 1994
 2000
 2008
 2024
 2042
 2054
 2068
 2080
 2088
 2100
 2108
 2108
 2104
 2104
 2108
 2106
 2102
 2094
 2086
 2074
 2060
 2058
 2072
 2096
 2126
 2166
 2208
 2254
 2298
 2340
 2382
 2428
 2480
 2528
 2572
 2610
 2648
 2684
 2722
 2760
 2794
 2824
 2850
 2876
 2902
 2926
 2944
 2958
 2966
 2976
 2984
 2988
 2988
 2990
 2990
 2986
 2980
 2974
 2970
 2958
 2944
 2926
 2910
 2888
 2858
 2830
 2806
 2784
 2754
 2722
 2684
 2646
 2604
 2564
 2522
 2478
 2434
 2390
 2344
 2302
 2264
 2220
 2178
 2140
 2104
 2066
 2026
 1982
 1940
 1896
 1854
 1816
 1778
 1740
 1702
 1668
 1636
 1608
 1576
 1550
 1534
 1530
 1532
 1542
 1560
 1578
 1602
 1630
 1658
 1694
 1734
 1772
 1814
 1860
 1914
 1968
 2014
 2066
 2128
 2194
 2250
 2300
 2346
 2392
 2436
 2482
 2524
 2562
 2594
 2624
 2658
 2694
 2726
 2754
 2782
 2812
 2850
 2886
 2912
 2924
 2938
 2954
 2966
 2978
 2990
 2996
 3004
 3012
 3018
 3022
 3026
 3028
 3026
 3030
 3036
 3040
 3040
 3036
 3030
 3020
 3008
 2992
 2978
 2958
 2934
 2908
 2882
 2858
 2832
 2802
 2770
 2744
 2718
 2690
 2656
 2622
 2586
 2546
 2506
 2468
 2426
 2380
 2336
 2290
 2248
 2210
 2172
 2128
 2086
 2048
 2010
 1970
 1928
 1890
 1852
 1818
 1786
 1758
 1738
 1728
 1726
 1730
 1742
 1766
 1794
 1820
 1854
 1896
 1944
 1992
 2040
 2086
 2130
 2172
 2220
 2266
 2308
 2350
 2390
 2432
 2472
 2512
 2552
 2590
 2624
 2656
 2696
 2738
 2776
 2806
 2834
 2862
 2886
 2910
 2926
 2942
 2956
 2970
 2984
 2994
 3004
 3016
 3022
 3026
 3028
 3038
 3048
 3052
 3052
 3050
 3048
 3046
 3040
 3030
 3020
 3006
 2992
 2974
 2954
 2936
 2914
 2892
 2866
 2844
 2826
 2806
 2782
 2758
 2734
 2712
 2686
 2662
 2638
 2614
 2590
 2562
 2530
 2500
 2470
 2438
 2404
 2370
 2344
 2318
 2286
 2254
 2224
 2190
 2156
 2124
 2096
 2068
 2042
 2022
 2002
 1984
 1972
 1976
 1986
 1998
 2014
 2040
 2074
 2110
 2146
 2182
 2218
 2252
 2290
 2332
 2374
 2414
 2454
 2494
 2532
 2570
 2606
 2642
 2672
 2702
 2728
 2758
 2794
 2830
 2858
 2884
 2906
 2930
 2948
 2962
 2976
 2990
 3002
 3012
 3022
 3032
 3040
 3048
 3054
 3050
 3048
 3052
 3058
 3056
 3048
 3040
 3030
 3018
 3002
 2984
 2968
 2948
 2928
 2904
 2876
 2846
 2818
 2792
 2764
 2738
 2716
 2696
 2672
 2646
 2622
 2594
 2564
 2534
 2504
 2476
 2444
 2412
 2380
 2348
 2314
 2282
 2254
 2224
 2194
 2166
 2140
 2116
 2090
 2062
 2030
 1998
 1966
 1934
 1902
 1874
 1844
 1822
 1806
 1798
 1796
 1806
 1820
 1840
 1864
 1900
 1944
 1988
 2032
 2076
 2120
 2162
 2202
 2244
 2284
 2326
 2364
 2400
 2436
 2472
 2512
 2550
 2584
 2612
 2642
 2680
 2720
 2758
 2790
 2818
 2848
 2876
 2900
 2926
 2944
 2956
 2970
 2984
 2996
 3004
 3016
 3024
 3032
 3036
 3042
 3050
 3058
 3062
 3064
 3064
 3064
 3062
 3060
 3058
 3056
 3048
 3042
 3036
 3028
 3018
 3010
 3000
 2986
 2974
 2966
 2954
 2938
 2920
 2900
 2880
 2856
 2832
 2808
 2784
 2758
 2734
 2706
 2680
 2652
 2628
 2604
 2574
 2544
 2518
 2494
 2468
 2438
 2404
 2374
 2340
 2306
 2274
 2240
 2206
 2174
 2138
 2104
 2072
 2042
 2010
 1976
 1942
 1916
 1898
 1878
 1860
 1846
 1838
 1840
 1848
 1864
 1888
 1914
 1944
 1980
 2022
 2066
 2112
 2160
 2204
 2246
 2292
 2344
 2400
 2450
 2496
 2536
 2574
 2612
 2646
 2680
 2710
 2742
 2770
 2800
 2828
 2856
 2884
 2912
 2930
 2940
 2956
 2976
 2998
 3014
 3026
 3040
 3048
 3058
 3064
 3068
 3074
 3078
 3084
 3090
 3092
 3096
 3100
 3100
 3096
 3090
 3092
 3090
 3082
 3072
 3056
 3042
 3024
 3008
 2990
 2968
 2948
 2924
 2902
 2878
 2850
 2826
 2802
 2774
 2750
 2732
 2712
 2688
 2658
 2630
 2600
 2566
 2532
 2498
 2466
 2434
 2400
 2368
 2336
 2302
 2274
 2242
 2208
 2178
 2154
 2128
 2100
 2068
 2042
 2016
 1992
 1974
 1966
 1966
 1972
 1988
 2006
 2032
 2066
 2106
 2148
 2190
 2234
 2284
 2340
 2392
 2440
 2482
 2520
 2556
 2592
 2624
 2656
 2688
 2720
 2752
 2780
 2806
 2838
 2864
 2888
 2906
 2926
 2952
 2976
 2990
 3004
 3014
 3024
 3032
 3036
 3042
 3046
 3052
 3058
 3064
 3068
 3074
 3078
 3082
 3076
 3074
 3076
 3080
 3078
 3068
 3060
 3052
 3038
 3022
 3004
 2984
 2964
 2942
 2918
 2894
 2868
 2844
 2820
 2792
 2764
 2742
 2722
 2700
 2676
 2648
 2622
 2594
 2562
 2534
 2504
 2472
 2440
 2412
 2380
 2346
 2318
 2290
 2258
 2228
 2202
 2180
 2156
 2130
 2102
 2072
 2040
 2004
 1970
 1938
 1910
 1884
 1862
 1846
 1840
 1842
 1854
 1870
 1888
 1916
 1952
 1992
 2036
 2080
 2128
 2176
 2220
 2260
 2300
 2340
 2384
 2424
 2460
 2494
 2528
 2564
 2600
 2634
 2662
 2690
 2724
 2760
 2794
 2826
 2850
 2874
 2896
 2916
 2936
 2950
 2964
 2976
 2988
 3000
 3008
 3016
 3024
 3030
 3036
 3038
 3042
 3050
 3056
 3058
 3056
 3054
 3048
 3042
 3034
 3024
 3008
 2994
 2978
 2962
 2948
 2928
 2912
 2892
 2872
 2850
 2832
 2814
 2794
 2770
 2746
 2726
 2702
 2676
 2652
 2626
 2600
 2574
 2546
 2516
 2488
 2460
 2436
 2408
 2380
 2356
 2336
 2312
 2286
 2258
 2230
 2200
 2170
 2140
 2110
 2082
 2052
 2024
 1998
 1976
 1962
 1958
 1962
 1974
 1994
 2024
 2064
 2108
 2150
 2190
 2232
 2274
 2318
 2362
 2404
 2446
 2484
 2522
 2558
 2596
 2638
 2676
 2710
 2740
 2770
 2806
 2842
 2874
 2900
 2922
 2940
 2950
 2962
 2974
 2986
 2994
 3002
 3010
 3018
 3024
 3032
 3036
 3036
 3036
 3038
 3048
 3048
 3042
 3034
 3026
 3016
 3004
 2988
 2974
 2960
 2944
 2922
 2900
 2878
 2856
 2832
 2806
 2776
 2752
 2728
 2704
 2678
 2648
 2620
 2590
 2558
 2524
 2494
 2462
 2430
 2400
 2368
 2334
 2306
 2278
 2246
 2212
 2184
 2160
 2132
 2104
 2070
 2034
 2000
 1964
 1928
 1894
 1862
 1828
 1796
 1764
 1732
 1702
 1676
 1644
 1610
 1582
 1556
 1526
 1498
 1468
 1440
 1404
 1360
 1314
 1276
 1242
 1210
 1188
 1170
 1158
 1152
 1154
 1160
 1170
 1190
 1220
 1256
 1294
 1332
 1374
 1420
 1466
 1512
 1558
 1608
 1660
 1710
 1764
 1816
 1872
 1930
 1988
 2042
 2092
 2144
 2204
 2266
 2322
 2368
 2408
 2452
 2492
 2528
 2564
 2598
 2630
 2662
 2694
 2722
 2746
 2774
 2798
 2820
 2842
 2864
 2892
 2920
 2942
 2958
 2976
 2986
 2994
 3000
 3010
 3016
 3018
 3024
 3028
 3032
 3038
 3042
 3044
 3046
 3046
 3052
 3058
 3058
 3052
 3048
 3038
 3028
 3014
 2998
 2984
 2964
 2942
 2918
 2892
 2870
 2844
 2818
 2786
 2760
 2736
 2716
 2696
 2670
 2642
 2614
 2586
 2556
 2526
 2494
 2464
 2432
 2400
 2368
 2336
 2308
 2280
 2250
 2220
 2196
 2174
 2148
 2118
 2088
 2056
 2024
 1992
 1960
 1932
 1910
 1896
 1892
 1898
 1912
 1938
 1968
 2002
 2042
 2088
 2142
 2192
 2242
 2284
 2328
 2372
 2410
 2450
 2490
 2530
 2568
 2606
 2640
 2678
 2714
 2748
 2778
 2804
 2830
 2858
 2888
 2914
 2932
 2946
 2958
 2970
 2980
 2990
 3000
 3010
 3018
 3024
 3030
 3034
 3036
 3036
 3034
 3032
 3034
 3036
 3032
 3024
 3014
 3002
 2984
 2968
 2950
 2932
 2910
 2886
 2862
 2836
 2814
 2792
 2764
 2738
 2710
 2688
 2666
 2638
 2610
 2580
 2550
 2516
 2484
 2452
 2422
 2392
 2362
 2330
 2298
 2268
 2242
 2212
 2180
 2154
 2132
 2106
 2074
 2042
 2010
 1978
 1946
 1910
 1876
 1842
 1810
 1780
 1756
 1732
 1716
 1708
 1706
 1714
 1734
 1764
 1798
 1840
 1886
 1932
 1976
 2018
 2058
 2098
 2136
 2172
 2212
 2250
 2292
 2328
 2368
 2406
 2442
 2474
 2508
 2548
 2588
 2624
 2652
 2680
 2706
 2732
 2756
 2780
 2804
 2826
 2846
 2866
 2882
 2902
 2920
 2936
 2948
 2954
 2960
 2974
 2992
 3004
 3012
 3018
 3026
 3030
 3034
 3032
 3034
 3032
 3030
 3026
 3018
 3008
 2998
 2982
 2968
 2946
 2924
 2906
 2892
 2868
 2840
 2808
 2778
 2746
 2714
 2684
 2652
 2620
 2588
 2556
 2524
 2490
 2458
 2426
 2396
 2358
 2326
 2298
 2270
 2238
 2206
 2172
 2136
 2098
 2062
 2024
 1988
 1950
 1912
 1876
 1844
 1810
 1786
 1768
 1756
 1754
 1764
 1786
 1818
 1850
 1888
 1926
 1964
 2004
 2042
 2082
 2122
 2162
 2202
 2240
 2276
 2312
 2346
 2386
 2420
 2452
 2488
 2530
 2572
 2610
 2640
 2670
 2698
 2726
 2752
 2776
 2800
 2822
 2844
 2868
 2890
 2912
 2932
 2950
 2964
 2968
 2976
 2994
 3010
 3022
 3026
 3032
 3038
 3042
 3046
 3048
 3048
 3050
 3054
 3054
 3052
 3052
 3050
 3048
 3042
 3034
 3028
 3030
 3024
 3016
 3002
 2990
 2974
 2954
 2936
 2916
 2896
 2876
 2852
 2828
 2802
 2778
 2754
 2728
 2702
 2682
 2666
 2646
 2622
 2596
 2568
 2540
 2508
 2478
 2446
 2414
 2380
 2344
 2312
 2278
 2242
 2212
 2178
 2140
 2110
 2078
 2050
 2020
 1986
 1956
 1926
 1898
 1872
 1852
 1842
 1840
 1844
 1850
 1866
 1886
 1914
 1946
 1974
 2006
 2050
 2102
 2154
 2198
 2238
 2278
 2316
 2354
 2390
 2424
 2458
 2490
 2520
 2554
 2586
 2618
 2652
 2682
 2708
 2736
 2766
 2798
 2828
 2852
 2872
 2892
 2904
 2918
 2932
 2944
 2958
 2966
 2972
 2982
 2990
 2998
 3004
 3006
 3008
 3008
 3016
 3026
 3032
 3034
 3038
 3038
 3036
 3032
 3030
 3030
 3030
 3028
 3028
 3024
 3020
 3018
 3008
 2996
 2984
 2970
 2960
 2946
 2930
 2908
 2886
 2864
 2836
 2808
 2780
 2752
 2726
 2702
 2674
 2648
 2620
 2594
 2568
 2538
 2506
 2482
 2460
 2436
 2408
 2378
 2344
 2312
 2276
 2242
 2210
 2178
 2144
 2108
 2074
 2042
 2012
 1984
 1958
 1934
 1918
 1914
 1918
 1928
 1942
 1962
 1986
 2014
 2042
 2074
 2112
 2154
 2196
 2244
 2290
 2332
 2370
 2412
 2452
 2490
 2524
 2564
 2606
 2650
 2690
 2720
 2748
 2774
 2798
 2822
 2842
 2862
 2878
 2896
 2910
 2924
 2936
 2946
 2952
 2954
 2956
 2964
 2974
 2978
 2980
 2980
 2980
 2980
 2976
 2970
 2964
 2956
 2946
 2932
 2914
 2894
 2878
 2860
 2840
 2816
 2792
 2774
 2758
 2738
 2714
 2688
 2662
 2632
 2604
 2576
 2548
 2518
 2488
 2458
 2428
 2398
 2368
 2342
 2312
 2282
 2256
 2232
 2210
 2184
 2154
 2122
 2088
 2052
 2014
 1978
 1946
 1916
 1894
 1878
 1870
 1874
 1890
 1916
 1948
 1986
 2032
 2086
 2144
 2198
 2250
 2302
 2352
 2400
 2446
 2492
 2532
 2572
 2612
 2646
 2680
 2710
 2738
 2764
 2788
 2808
 2832
 2858
 2884
 2904
 2922
 2938
 2952
 2962
 2968
 2974
 2982
 2988
 2992
 2994
 2996
 2998
 3002
 3000
 2996
 2992
 2994
 2998
 2994
 2984
 2974
 2962
 2946
 2932
 2910
 2890
 2868
 2846
 2822
 2794
 2766
 2738
 2710
 2680
 2654
 2632
 2610
 2584
 2556
 2526
 2492
 2458
 2424
 2388
 2356
 2322
 2288
 2254
 2218
 2180
 2144
 2108
 2068
 2030
 2000
 1972
 1938
 1904
 1866
 1830
 1794
 1758
 1724
 1688
 1666
 1644
 1632
 1630
 1638
 1662
 1690
 1726
 1770
 1820
 1874
 1926
 1982
 2036
 2090
 2142
 2192
 2242
 2290
 2338
 2384
 2428
 2470
 2510
 2550
 2588
 2622
 2650
 2680
 2712
 2748
 2778
 2802
 2828
 2848
 2870
 2888
 2902
 2916
 2930
 2934
 2940
 2946
 2954
 2960
 2964
 2964
 2964
 2970
 2978
 2984
 2984
 2982
 2978
 2972
 2958
 2946
 2934
 2922
 2908
 2890
 2872
 2854
 2836
 2814
 2790
 2762
 2738
 2718
 2694
 2670
 2644
 2616
 2586
 2554
 2524
 2492
 2460
 2430
 2398
 2364
 2330
 2296
 2268
 2236
 2198
 2162
 2134
 2106
 2074
 2038
 2002
 1966
 1930
 1892
 1856
 1822
 1790
 1760
 1732
 1712
 1698
 1698
 1706
 1718
 1742
 1778
 1824
 1872
 1918
 1964
 2012
 2058
 2106
 2156
 2206
 2254
 2300
 2346
 2392
 2438
 2482
 2522
 2560
 2594
 2630
 2668
 2708
 2740
 2768
 2794
 2820
 2842
 2860
 2876
 2894
 2908
 2922
 2936
 2944
 2948
 2954
 2960
 2962
 2964
 2966
 2974
 2984
 2986
 2984
 2982
 2976
 2966
 2958
 2950
 2934
 2920
 2908
 2890
 2872
 2852
 2834
 2814
 2792
 2768
 2754
 2742
 2722
 2698
 2672
 2648
 2620
 2592
 2564
 2534
 2506
 2474
 2446
 2418
 2386
 2358
 2328
 2298
 2264
 2232
 2208
 2180
 2150
 2116
 2082
 2048
 2010
 1980
 1952
 1928
 1914
 1908
 1912
 1922
 1944
 1978
 2018
 2060
 2106
 2160
 2214
 2272
 2322
 2366
 2408
 2450
 2490
 2526
 2562
 2600
 2636
 2674
 2708
 2738
 2768
 2796
 2822
 2840
 2856
 2876
 2900
 2918
 2932
 2944
 2954
 2958
 2960
 2966
 2970
 2976
 2980
 2984
 2986
 2990
 2992
 2990
 2988
 2982
 2978
 2974
 2972
 2966
 2954
 2940
 2922
 2900
 2874
 2848
 2820
 2790
 2758
 2728
 2696
 2662
 2630
 2600
 2568
 2534
 2502
 2476
 2448
 2416
 2378
 2342
 2306
 2266
 2228
 2190
 2154
 2118
 2084
 2048
 2012
 1974
 1944
 1910
 1876
 1844
 1820
 1804
 1792
 1784
 1788
 1798
 1822
 1856
 1896
 1936
 1978
 2024
 2068
 2118
 2168
 2220
 2270
 2320
 2362
 2408
 2458
 2510
 2558
 2600
 2636
 2674
 2704
 2736
 2766
 2792
 2818
 2842
 2864
 2886
 2902
 2920
 2934
 2938
 2942
 2948
 2964
 2978
 2988
 2994
 3002
 3010
 3014
 3012
 3014
 3014
 3018
 3020
 3022
 3022
 3024
 3026
 3026
 3022
 3016
 3014
 3016
 3016
 3010
 2998
 2988
 2974
 2954
 2934
 2914
 2892
 2868
 2842
 2816
 2788
 2764
 2738
 2710
 2684
 2658
 2640
 2620
 2594
 2566
 2538
 2510
 2476
 2446
 2412
 2378
 2346
 2312
 2278
 2242
 2210
 2180
 2148
 2112
 2080
 2054
 2026
 1996
 1964
 1928
 1894
 1860
 1828
 1802
 1784
 1778
 1782
 1796
 1820
 1856
 1900
 1948
 1994
 2042
 2096
 2152
 2208
 2258
 2306
 2350
 2392
 2432
 2472
 2514
 2554
 2596
 2634
 2670
 2704
 2738
 2768
 2794
 2812
 2830
 2854
 2882
 2902
 2920
 2932
 2936
 2942
 2946
 2950
 2956
 2960
 2962
 2968
 2972
 2976
 2976
 2976
 2974
 2972
 2970
 2974
 2978
 2974
 2966
 2960
 2946
 2934
 2918
 2904
 2886
 2864
 2842
 2820
 2800
 2776
 2758
 2738
 2714
 2690
 2668
 2650
 2626
 2598
 2568
 2536
 2502
 2468
 2432
 2398
 2364
 2326
 2290
 2252
 2212
 2176
 2144
 2106
 2068
 2030
 1998
 1970
 1938
 1902
 1864
 1828
 1792
 1754
 1718
 1680
 1648
 1620
 1596
 1576
 1564
 1560
 1572
 1588
 1612
 1646
 1686
 1736
 1786
 1834
 1880
 1924
 1968
 2010
 2054
 2098
 2140
 2182
 2226
 2266
 2308
 2350
 2396
 2438
 2476
 2510
 2548
 2588
 2628
 2660
 2688
 2714
 2738
 2762
 2784
 2804
 2824
 2840
 2856
 2872
 2886
 2898
 2904
 2912
 2916
 2920
 2926
 2936
 2944
 2948
 2948
 2944
 2936
 2928
 2916
 2906
 2896
 2882
 2868
 2848
 2828
 2806
 2786
 2764
 2740
 2714
 2690
 2674
 2656
 2634
 2608
 2582
 2556
 2526
 2496
 2466
 2438
 2406
 2376
 2346
 2316
 2286
 2256
 2232
 2202
 2172
 2146
 2126
 2108
 2086
 2060
 2032
 2006
 1978
 1952
 1926
 1906
 1894
 1888
 1892
 1906
 1928
 1958
 2000
 2042
 2084
 2126
 2178
 2232
 2282
 2332
 2380
 2430
 2476
 2520
 2560
 2600
 2638
 2676
 2712
 2744
 2776
 2804
 2830
 2854
 2872
 2886
 2900
 2918
 2938
 2950
 2962
 2968
 2974
 2980
 2986
 2990
 2994
 2996
 3002
 3004
 3006
 3002
 3002
 3002
 2998
 2994
 2990
 2990
 2990
 2986
 2976
 2962
 2948
 2930
 2912
 2894
 2872
 2850
 2826
 2802
 2778
 2754
 2732
 2708
 2678
 2646
 2620
 2598
 2576
 2546
 2518
 2486
 2452
 2418
 2380
 2346
 2312
 2278
 2242
 2208
 2172
 2136
 2102
 2072
 2040
 2008
 1976
 1952
 1928
 1900
 1872
 1842
 1812
 1780
 1748
 1718
 1694
 1670
 1644
 1616
 1592
 1568
 1548
 1532
 1514
 1498
 1492
 1496
 1500
 1510
 1526
 1548
 1574
 1600
 1630
 1668
 1712
 1760
 1812
 1860
 1910
 1962
 2012
 2064
 2110
 2158
 2206
 2260
 2312
 2362
 2408
 2454
 2500
 2540
 2580
 2618
 2656
 2688
 2718
 2746
 2774
 2796
 2818
 2836
 2852
 2862
 2876
 2898
 2918
 2934
 2944
 2946
 2950
 2956
 2960
 2964
 2968
 2970
 2972
 2974
 2974
 2970
 2966
 2962
 2956
 2944
 2932
 2924
 2912
 2894
 2872
 2848
 2822
 2794
 2764
 2736
 2714
 2688
 2660
 2630
 2598
 2570
 2542
 2514
 2482
 2452
 2426
 2400
 2366
 2334
 2298
 2262
 2220
 2178
 2140
 2100
 2058
 2014
 1976
 1936
 1898
 1864
 1832
 1798
 1768
 1744
 1726
 1706
 1686
 1664
 1650
 1640
 1638
 1640
 1652
 1672
 1700
 1730
 1766
 1804
 1846
 1896
 1944
 1990
 2044
 2100
 2158
 2212
 2264
 2314
 2364
 2412
 2456
 2498
 2540
 2584
 2624
 2662
 2698
 2732
 2766
 2798
 2824
 2842
 2866
 2890
 2908
 2924
 2934
 2944
 2956
 2962
 2968
 2976
 2982
 2988
 2992
 2996
 3000
 3004
 3008
 3006
 3004
 3000
 3000
 3004
 3002
 2996
 2986
 2976
 2966
 2950
 2932
 2916
 2896
 2876
 2854
 2830
 2804
 2782
 2760
 2738
 2710
 2686
 2666
 2646
 2624
 2598
 2566
 2536
 2504
 2470
 2436
 2402
 2370
 2338
 2304
 2268
 2238
 2208
 2176
 2142
 2110
 2084
 2060
 2032
 2002
 1968
 1938
 1906
 1874
 1846
 1824
 1804
 1790
 1782
 1782
 1790
 1802
 1824
 1844
 1876
 1916
 1964
 2018
 2072
 2126
 2174
 2224
 2272
 2320
 2368
 2414
 2460
 2504
 2548
 2592
 2630
 2668
 2702
 2732
 2758
 2786
 2818
 2850
 2876
 2896
 2914
 2930
 2944
 2954
 2958
 2966
 2972
 2978
 2984
 2986
 2990
 2996
 3002
 3004
 3004
 3008
 3016
 3028
 3032
 3032
 3032
 3034
 3036
 3034
 3034
 3034
 3034
 3034
 3034
 3030
 3028
 3028
 3028
 3026
 3022
 3022
 3026
 3030
 3030
 3022
 3018
 3014
 3010
 3004
 3000
 2996
 2994
 2990
 2986
 2982
 2976
 2974
 2974
 2970
 2966
 2966
 2974
 2980
 2982
 2978
 2980
 2980
 2978
 2976
 2974
 2976
 2972
 2974
 2970
 2966
 2962
 2958
 2956
 2952
 2946
 2938
 2936
 2932
 2926
 2912
 2894
 2878
 2858
 2834
 2810
 2786
 2762
 2736
 2712
 2686
 2658
 2632
 2604
 2574
 2544
 2514
 2486
 2462
 2434
 2404
 2370
 2338
 2302
 2268
 2230
 2192
 2154
 2114
 2070
 2026
 1982
 1940
 1900
 1856
 1810
 1770
 1734
 1700
 1664
 1628
 1594
 1562
 1528
 1502
 1482
 1472
 1470
 1478
 1494
 1520
 1548
 1586
 1622
 1660
 1700
 1746
 1796
 1842
 1886
 1930
 1972
 2010
 2044
 2080
 2118
 2156
 2192
 2226
 2260
 2298
 2336
 2374
 2404
 2434
 2466
 2502
 2538
 2572
 2598
 2624
 2648
 2670
 2688
 2706
 2726
 2744
 2762
 2776
 2790
 2802
 2816
 2824
 2832
 2840
 2854
 2870
 2880
 2884
 2888
 2886
 2882
 2876
 2870
 2864
 2852
 2840
 2822
 2804
 2784
 2766
 2746
 2720
 2694
 2670
 2650
 2626
 2596
 2562
 2526
 2490
 2450
 2410
 2372
 2334
 2292
 2254
 2214
 2174
 2138
 2098
 2056
 2018
 1982
 1948
 1910
 1870
 1830
 1788
 1746
 1706
 1668
 1630
 1594
 1554
 1518
 1480
 1444
 1414
 1384
 1352
 1320
 1290
 1266
 1244
 1226
 1210
 1200
 1196
 1198
 1208
 1220
 1240
 1264
 1290
 1324
 1356
 1388
 1428
 1468
 1506
 1548
 1596
 1642
 1692
 1740
 1786
 1826
 1866
 1904
 1942
 1978
 2012
 2048
 2084
 2118
 2154
 2186
 2220
 2254
 2286
 2312
 2338
 2370
 2412
 2452
 2484
 2510
 2536
 2564
 2590
 2612
 2636
 2660
 2684
 2704
 2724
 2746
 2764
 2782
 2800
 2812
 2822
 2832
 2848
 2866
 2884
 2896
 2906
 2914
 2916
 2918
 2920
 2920
 2922
 2918
 2914
 2908
 2900
 2890
 2874
 2854
 2832
 2806
 2786
 2770
 2750
 2724
 2696
 2662
 2632
 2598
 2562
 2530
 2496
 2458
 2424
 2386
 2350
 2312
 2278
 2244
 2206
 2168
 2130
 2094
 2060
 2024
 1984
 1946
 1908
 1870
 1830
 1788
 1750
 1716
 1680
 1650
 1618
 1586
 1556
 1528
 1496
 1464
 1440
 1424
 1418
 1412
 1414
 1422
 1436
 1454
 1476
 1500
 1530
 1566
 1602
 1638
 1674
 1714
 1756
 1796
 1838
 1874
 1914
 1958
 2008
 2060
 2106
 2148
 2196
 2242
 2288
 2328
 2364
 2404
 2442
 2478
 2512
 2546
 2578
 2616
 2646
 2672
 2694
 2720
 2754
 2788
 2814
 2834
 2852
 2874
 2890
 2904
 2916
 2922
 2930
 2936
 2944
 2950
 2956
 2960
 2964
 2968
 2970
 2974
 2982
 2992
 2996
 2994
 2992
 2986
 2980
 2970
 2960
 2948
 2934
 2916
 2894
 2872
 2846
 2822
 2798
 2768
 2742
 2720
 2700
 2676
 2648
 2616
 2584
 2552
 2516
 2478
 2442
 2406
 2366
 2326
 2286
 2248
 2210
 2174
 2134
 2094
 2060
 2028
 1996
 1962
 1924
 1886
 1848
 1812
 1774
 1738
 1700
 1662
 1624
 1590
 1554
 1526
 1500
 1472
 1444
 1424
 1412
 1408
 1408
 1412
 1422
 1434
 1452
 1472
 1500
 1530
 1564
 1600
 1642
 1680
 1720
 1764
 1802
 1840
 1884
 1932
 1984
 2034
 2078
 2120
 2162
 2202
 2240
 2274
 2312
 2350
 2386
 2420
 2450
 2484
 2516
 2550
 2578
 2606
 2638
 2676
 2710
 2738
 2758
 2778
 2802
 2822
 2842
 2862
 2878
 2892
 2906
 2914
 2924
 2934
 2942
 2946
 2946
 2952
 2960
 2964
 2962
 2950
 2938
 2924
 2908
 2890
 2872
 2852
 2830
 2810
 2784
 2758
 2734
 2710
 2684
 2654
 2628
 2608
 2584
 2558
 2530
 2500
 2468
 2434
 2400
 2366
 2332
 2298
 2264
 2228
 2190
 2156
 2124
 2090
 2056
 2026
 2000
 1970
 1938
 1902
 1866
 1830
 1794
 1758
 1726
 1694
 1666
 1638
 1612
 1588
 1578
 1574
 1574
 1580
 1594
 1616
 1644
 1674
 1708
 1740
 1774
 1808
 1844
 1880
 1916
 1958
 2002
 2046
 2088
 2130
 2180
 2226
 2268
 2308
 2352
 2400
 2448
 2492
 2530
 2568
 2602
 2632
 2664
 2696
 2726
 2754
 2782
 2806
 2832
 2854
 2876
 2892
 2902
 2916
 2934
 2952
 2962
 2968
 2976
 2984
 2986
 2984
 2986
 2986
 2984
 2980
 2972
 2962
 2952
 2942
 2930
 2908
 2886
 2870
 2854
 2836
 2810
 2782
 2754
 2722
 2690
 2662
 2632
 2602
 2570
 2538
 2506
 2474
 2442
 2412
 2380
 2350
 2326
 2300
 2272
 2244
 2214
 2182
 2150
 2114
 2078
 2042
 2004
 1966
 1928
 1888
 1852
 1820
 1786
 1750
 1720
 1698
 1684
 1670
 1660
 1656
 1664
 1674
 1690
 1710
 1736
 1762
 1796
 1836
 1876
 1920
 1970
 2014
 2056
 2102
 2154
 2210
 2262
 2308
 2348
 2388
 2430
 2468
 2506
 2542
 2576
 2610
 2644
 2678
 2706
 2738
 2766
 2790
 2808
 2830
 2856
 2884
 2908
 2926
 2944
 2954
 2960
 2964
 2972
 2980
 2990
 2994
 2998
 3002
 3008
 3012
 3010
 3008
 3006
 3008
 3008
 2998
 2986
 2974
 2962
 2944
 2926
 2908
 2888
 2864
 2840
 2812
 2784
 2758
 2734
 2708
 2682
 2656
 2634
 2612
 2586
 2558
 2526
 2496
 2464
 2430
 2396
 2362
 2326
 2290
 2254
 2214
 2180
 2148
 2116
 2084
 2052
 2026
 2002
 1972
 1944
 1910
 1882
 1850
 1812
 1776
 1740
 1706
 1676
 1644
 1614
 1586
 1562
 1540
 1516
 1502
 1502
 1510
 1522
 1540
 1564
 1596
 1630
 1664
 1700
 1738
 1782
 1822
 1864
 1904
 1952
 2002
 2052
 2096
 2138
 2184
 2240
 2300
 2352
 2396
 2436
 2474
 2512
 2550
 2588
 2624
 2658
 2688
 2718
 2750
 2774
 2802
 2826
 2846
 2862
 2884
 2910
 2932
 2950
 2964
 2978
 2984
 2990
 2998
 3004
 3012
 3016
 3024
 3028
 3036
 3042
 3046
 3048
 3048
 3050
 3058
 3062
 3066
 3066
 3068
 3070
 3066
 3066
 3064
 3062
 3060
 3054
 3048
 3044
 3038
 3034
 3026
 3016
 3006
 2998
 2990
 2974
 2954
 2932
 2908
 2880
 2850
 2818
 2786
 2754
 2720
 2684
 2648
 2608
 2570
 2534
 2494
 2454
 2414
 2378
 2338
 2292
 2244
 2192
 2138
 2080
 2022
 1962
 1900
 1836
 1770
 1706
 1642
 1578
 1520
 1462
 1404
 1348
 1296
 1248
 1200
 1152
 1096
 1042
 988
 926
 864
 800
 730
 658
 588
 526
 460
 400
 338
 278
 224
 162
 94
 14
 0
 0
 0
 0
 0
 0
 0
 0
 0
 0
 0
 0
 0
 0
 0
 0
 0
 0
 0
 0
 0
 0
 0
 0
 0
 0
 0
 0
 0
 10
 80
 162
 252
 336
 408
 478
 554
 634
 714
 794
 872
 938
 998
 1054
 1112
 1168
 1226
 1280
 1336
 1388
 1438
 1492
 1550
 1606
 1656
 1706
 1764
 1824
 1880
 1936
 1988
 2044
 2102
 2152
 2196
 2234
 2276
 2318
 2358
 2396
 2432
 2468
 2506
 2542
 2570
 2598
 2630
 2664
 2694
 2718
 2740
 2760
 2778
 2796
 2812
 2828
 2842
 2856
 2866
 2876
 2882
 2892
 2898
 2902
 2902
 2906
 2914
 2916
 2914
 2910
 2904
 2894
 2886
 2872
 2860
 2846
 2826
 2806
 2784
 2758
 2736
 2720
 2696
 2672
 2648
 2626
 2604
 2578
 2548
 2516
 2484
 2452
 2418
 2382
 2350
 2316
 2280
 2242
 2206
 2170
 2140
 2108
 2070
 2036
 2008
 1982
 1956
 1934
 1918
 1912
 1912
 1922
 1936
 1960
 1988
 2024
 2064
 2106
 2148
 2194
 2242
 2292
 2338
 2390
 2442
 2492
 2536
 2574
 2610
 2642
 2672
 2700
 2728
 2752
 2776
 2800
 2822
 2844
 2866
 2882
 2896
 2902
 2910
 2924
 2938
 2948
 2954
 2958
 2962
 2964
 2964
 2960
 2956
 2952
 2946
 2938
 2930
 2922
 2912
 2900
 2886
 2868
 2856
 2844
 2826
 2806
 2788
 2766
 2740
 2716
 2692
 2664
 2638
 2610
 2580
 2550
 2520
 2494
 2464
 2432
 2402
 2374
 2348
 2322
 2290
 2258
 2228
 2194
 2164
 2136
 2108
 2082
 2060
 2042
 2034
 2032
 2042
 2060
 2082
 2112
 2156
 2210
 2264
 2314
 2362
 2410
 2456
 2498
 2540
 2580
 2620
 2658
 2694
 2728
 2762
 2794
 2824
 2852
 2874
 2890
 2908
 2924
 2942
 2956
 2968
 2976
 2984
 2990
 2994
 3000
 3002
 3002
 3000
 2998
 2996
 2992
 2990
 2984
 2978
 2966
 2958
 2948
 2938
 2922
 2906
 2888
 2870
 2848
 2826
 2804
 2780
