127
219
312
408
494
582
681
693
779
894
997
1080
1166
1253
1349
1438
1533
1626
1728
1825
1913
2012
2115
2214
2308
2403
2498
2581
2687
2787
2892
2989
3083
3192
3305
3318
3412
3520
3619
3704
3803
3903
4001
4089
4195
4207
4312
4320
4405
4499
4618
4724
4845
4969
4979
5087
5212
5335
5435
5527
5617
5731
5839
6025
6026
6144
6231
6326
6431
6521
6527
6620
6707
6810
6901
6993
7104
7196
7287
7380
7480
7586
7696
7804
7914
8011
8105
8201
8295
8394
8494
8584
8673
8754
8855
9021
9023
9051
9142
9235
9330
9432
9539
9637
9742
9839
9972
9978
10070
10174
10272
10382
10490
10581
10682
10781
10872
10963
11067
11175
11266
11385
11484
11584
11748
11764
11865
11875
11980
12097
12201
12302
12419
12604
12606
12691
12775
